org_id remap_id
50017761 0
48346071 1
9542122 2
39782234 3
15827171 4
8096873 5
38766509 6
49175484 7
22536595 8
4415689 9
9995360 10
26142760 11
12577998 12
45313027 13
18024832 14
33507158 15
49708393 16
13825710 17
48464774 18
21838424 19
2298715 20
5685046 21
20530809 22
24498234 23
5025424 24
48385320 25
29711216 26
14721583 27
17782563 28
49926810 29
8139650 30
47234480 31
49857491 32
30447050 33
49821238 34
31056989 35
2743360 36
5696207 37
5562848 38
14167588 39
32944189 40
48555415 41
48361239 42
9918873 43
42385506 44
25154633 45
8339378 46
3488462 47
48495924 48
42291416 49
49355059 50
4726644 51
8384198 52
21531682 53
2553197 54
29705053 55
34622600 56
31877962 57
49757192 58
47752183 59
16487069 60
41704805 61
46848964 62
46866467 63
42286529 64
2541683 65
48680634 66
30958304 67
25891497 68
49359064 69
48118908 70
48910290 71
12523789 72
49850312 73
46853898 74
47730116 75
14773726 76
25500861 77
35237009 78
38256415 79
27231233 80
22216399 81
47184681 82
49193175 83
49746653 84
7101485 85
7975348 86
18383840 87
7434248 88
40232417 89
47991258 90
20717313 91
38876434 92
48889732 93
48453568 94
15725301 95
47722859 96
46861481 97
49186577 98
33134828 99
9472820 100
47070095 101
47182183 102
45499206 103
48881271 104
49343157 105
25986183 106
48877534 107
48684913 108
47892693 109
47886269 110
33514402 111
5899302 112
48793587 113
33119933 114
49853338 115
21327409 116
49358576 117
49549521 118
47745295 119
32863109 120
22563887 121
49702068 122
6930124 123
47618857 124
9029468 125
5082763 126
3546998 127
13262150 128
16646762 129
47508224 130
12786321 131
26225177 132
15422790 133
39470027 134
3022710 135
4665185 136
2836949 137
3193326 138
22685126 139
49323142 140
47736381 141
48838271 142
48374537 143
12401876 144
45461327 145
33169209 146
49423766 147
19119300 148
46170870 149
46433127 150
42765154 151
4666391 152
46443957 153
47788726 154
36026552 155
42968205 156
2988862 157
47321442 158
31676799 159
47094057 160
18392653 161
33532339 162
5047232 163
40368357 164
7706334 165
26500696 166
14426990 167
32706144 168
37925004 169
5503911 170
48186476 171
10259739 172
5928816 173
47957311 174
29151605 175
49626652 176
28637804 177
48498850 178
11847333 179
48634941 180
46509532 181
45510494 182
37416175 183
21935181 184
47246330 185
19544983 186
42121248 187
47164850 188
49132719 189
15371264 190
3567656 191
47457460 192
7712328 193
37289916 194
49229916 195
6696346 196
24912219 197
29155356 198
49467456 199
47857665 200
45467809 201
46364900 202
49591686 203
48489130 204
18931492 205
35584352 206
49943955 207
22634151 208
9142215 209
9702872 210
48950246 211
26126820 212
47689222 213
33701153 214
49545543 215
31009099 216
18126468 217
45629986 218
42536251 219
36112040 220
49852313 221
6083612 222
47851422 223
38329011 224
31563483 225
49280847 226
45210489 227
48083484 228
6798949 229
46956886 230
32492325 231
46188134 232
17310743 233
45826690 234
32624459 235
34890566 236
37840013 237
30131257 238
10782198 239
48317026 240
46836374 241
27890274 242
39050114 243
11488557 244
48055633 245
5020639 246
5889117 247
11425545 248
17185648 249
16063192 250
21069255 251
2436468 252
5319662 253
4583408 254
3254237 255
45238163 256
47802746 257
49602721 258
33813457 259
33730184 260
15006726 261
48819634 262
4393984 263
48260087 264
46614177 265
8680404 266
46590289 267
5887716 268
49109495 269
22792219 270
49034169 271
47358825 272
30880138 273
34011341 274
30114214 275
17872867 276
40292726 277
10979172 278
47205133 279
40839077 280
49291441 281
24604247 282
9939367 283
14592028 284
2736176 285
10742460 286
48218433 287
31836296 288
2947830 289
12158613 290
48833109 291
3395641 292
49894967 293
36609497 294
32612390 295
48460987 296
48050111 297
21790544 298
47489861 299
26816310 300
46582239 301
38618843 302
25197126 303
17880570 304
49471437 305
16642706 306
15162388 307
35096191 308
41165781 309
2455920 310
29560109 311
4091996 312
3541173 313
7709118 314
38206258 315
41987946 316
37205242 317
5354281 318
21245806 319
34671027 320
2600716 321
8887269 322
13644512 323
50050368 324
15312182 325
14025884 326
31587347 327
48455676 328
6985948 329
46065495 330
5141704 331
49014782 332
3689316 333
34858648 334
22573871 335
27483400 336
42813721 337
49065356 338
6405300 339
12591070 340
30237776 341
9366392 342
46025263 343
49322988 344
48360765 345
45162026 346
34421401 347
24637526 348
8536345 349
39208774 350
49397288 351
48092497 352
38706426 353
46048869 354
46449354 355
19080179 356
14527837 357
5347983 358
50027185 359
9870762 360
49780406 361
40320453 362
28829948 363
49311847 364
23520966 365
45637799 366
46293389 367
46188819 368
19584748 369
5080003 370
48381904 371
48074071 372
45142747 373
10171499 374
3040806 375
48977822 376
26842838 377
49424083 378
48184876 379
47045732 380
49718741 381
38699474 382
34751575 383
17007432 384
49269597 385
47472859 386
28805778 387
11736616 388
49758660 389
28708117 390
18826203 391
24458940 392
48280538 393
6132552 394
49030746 395
46145072 396
49586267 397
6048841 398
21186058 399
20261403 400
32375042 401
22115400 402
4921172 403
46239350 404
5450793 405
49397258 406
49686346 407
29697859 408
3846576 409
27318403 410
41147045 411
5498714 412
6119488 413
4344170 414
7871874 415
47000606 416
49553980 417
39001723 418
47490369 419
48522173 420
2960978 421
28774732 422
40538717 423
15091260 424
49010683 425
48107907 426
11355486 427
48246424 428
15680309 429
48630409 430
40157035 431
30653790 432
47958628 433
49188797 434
6249607 435
41782394 436
49257288 437
45784861 438
25948352 439
45513367 440
26474931 441
10939943 442
14254785 443
39611842 444
5260729 445
18260493 446
47151716 447
48639036 448
30376857 449
38890915 450
47610721 451
49865296 452
30793252 453
48025921 454
48736719 455
45779998 456
40597925 457
29611604 458
22084952 459
22752482 460
49291074 461
49539884 462
46806782 463
11265475 464
30352097 465
45467399 466
8630629 467
47135070 468
35091976 469
18543654 470
46910232 471
13236688 472
2355490 473
10924519 474
49906443 475
31232738 476
11781960 477
2960961 478
46880913 479
50050696 480
45734880 481
49908141 482
42059226 483
31946934 484
38493523 485
3349211 486
26369745 487
49945975 488
49648163 489
4185060 490
19569669 491
3849831 492
2314453 493
28961330 494
8142234 495
49322787 496
2402373 497
48066848 498
48376565 499
36744301 500
48868511 501
47686737 502
49843327 503
41572491 504
45615384 505
42653446 506
4638519 507
21541504 508
49741347 509
45893322 510
46956202 511
42280676 512
33054240 513
7431540 514
3873064 515
49010653 516
17589184 517
49573467 518
38978715 519
49542895 520
45895804 521
37586968 522
33934929 523
42404338 524
16049594 525
48822987 526
32624053 527
6846983 528
35365785 529
4058582 530
45657582 531
8086809 532
47590878 533
13121358 534
31330508 535
48507102 536
5810985 537
49094294 538
21870939 539
42539571 540
3171175 541
48909617 542
20329518 543
48629905 544
5828270 545
42293100 546
21781655 547
3111090 548
40408347 549
49030842 550
45501658 551
22226771 552
6539476 553
37673156 554
47750094 555
4165211 556
40836348 557
31765841 558
29206195 559
11237141 560
28092049 561
38265087 562
38237159 563
47329506 564
32913610 565
6597632 566
8624461 567
6202985 568
45472677 569
31953026 570
17716010 571
14097754 572
21024820 573
47065133 574
35393128 575
46231570 576
21897120 577
3247600 578
9081321 579
47280075 580
14127895 581
48674684 582
16160168 583
23703136 584
38294401 585
39724380 586
21995980 587
50035386 588
48897936 589
46828943 590
48213439 591
5181626 592
24263452 593
34501453 594
5438330 595
49551413 596
42818579 597
2384935 598
23073449 599
42312481 600
5257176 601
4493882 602
49108726 603
49316214 604
47591552 605
17366091 606
2246757 607
7785840 608
7859083 609
49676640 610
4662608 611
28033289 612
49007041 613
4402180 614
20129458 615
5430023 616
31744042 617
48320366 618
5009726 619
49958824 620
10078033 621
36867703 622
39541724 623
48925694 624
45144006 625
22933237 626
48019523 627
22903311 628
13606651 629
39266568 630
2162156 631
16277541 632
40921220 633
21355846 634
29233891 635
37292454 636
37394329 637
36796179 638
49779697 639
7694629 640
30503453 641
17635523 642
48360974 643
39557487 644
48055681 645
8812143 646
40650988 647
17885557 648
3320765 649
12165023 650
26044203 651
49335625 652
30620291 653
5537974 654
48889505 655
38745085 656
15130563 657
48896981 658
49428190 659
48668803 660
29641263 661
4798364 662
7866510 663
49937190 664
49646131 665
45914696 666
8113887 667
48759419 668
48521140 669
49034975 670
48319324 671
21912302 672
49579343 673
5503824 674
19004813 675
14084714 676
49857286 677
45469778 678
26986899 679
2035866 680
46912950 681
17805038 682
15397094 683
4482817 684
49757393 685
48407701 686
33078925 687
33724726 688
21079420 689
2956245 690
48572416 691
42682126 692
5061911 693
47607962 694
25514987 695
25800129 696
21936734 697
48299718 698
49080338 699
47402173 700
22303049 701
18257000 702
42989108 703
47496235 704
49457659 705
49236937 706
48013400 707
34546437 708
48425921 709
47826013 710
46845905 711
6298130 712
9250121 713
47732806 714
6076178 715
3357970 716
21449300 717
39024071 718
47675220 719
7087560 720
18889223 721
6036091 722
4380310 723
10994995 724
43100510 725
49112848 726
34313628 727
48501675 728
27676593 729
6364206 730
49123308 731
49578450 732
49358543 733
21523365 734
41977228 735
2218972 736
48671286 737
41227223 738
29022217 739
48923274 740
47579113 741
49212016 742
35600084 743
11553872 744
19755077 745
39686641 746
11989443 747
11055595 748
30709362 749
48670015 750
5758218 751
32123379 752
14973344 753
48219710 754
17111949 755
23179237 756
48315009 757
14131411 758
36184365 759
49123985 760
48415104 761
48598994 762
27646462 763
21969825 764
3926377 765
38026299 766
48618601 767
49735634 768
37474228 769
46138224 770
12447893 771
36065110 772
5280233 773
33194903 774
22892016 775
25754512 776
48961125 777
49639406 778
49220821 779
49690071 780
9313329 781
48105412 782
12104310 783
40137556 784
24399375 785
43109689 786
28077438 787
47051632 788
26555982 789
48760842 790
18699070 791
45841252 792
47440030 793
36793453 794
48721002 795
39069085 796
6663476 797
41579587 798
47511568 799
32971105 800
17610071 801
35525863 802
48876534 803
5779846 804
8470389 805
49212179 806
2571447 807
17826403 808
48377469 809
6726429 810
32380137 811
48589572 812
34721475 813
6965010 814
49595499 815
32781856 816
8262029 817
33006668 818
49187071 819
48181995 820
4902078 821
27007464 822
29169267 823
10039144 824
5928097 825
49719124 826
49138455 827
48128665 828
12221463 829
48932371 830
34088546 831
18063870 832
26777527 833
45868804 834
48315641 835
36197113 836
4702888 837
4288931 838
36277139 839
12405585 840
3382967 841
7893201 842
41326396 843
25964333 844
48155562 845
49611834 846
32877323 847
38324988 848
2437536 849
17772743 850
47661716 851
11926807 852
39583021 853
47118054 854
38160150 855
48921789 856
18359523 857
8665797 858
31770115 859
47457529 860
26869347 861
3675770 862
32297866 863
11766638 864
49571585 865
48083803 866
48816358 867
49629441 868
32090800 869
2420117 870
36403925 871
50761770 872
31177658 873
12701326 874
3757905 875
37449528 876
8070000 877
3631419 878
39632799 879
49700903 880
49574322 881
28674048 882
10728926 883
47564965 884
11561119 885
5931754 886
46924835 887
28430164 888
42923339 889
45374013 890
16398373 891
10998051 892
8537005 893
49826825 894
47733662 895
48589272 896
36008768 897
47556493 898
21096817 899
18277435 900
49182501 901
34056231 902
5450938 903
32039425 904
47375633 905
48318901 906
25252932 907
38270205 908
35479286 909
21264673 910
48296464 911
25638616 912
4914885 913
6134988 914
28835173 915
11520128 916
35347591 917
10030969 918
45913496 919
48321400 920
46553693 921
20927657 922
31323747 923
10626027 924
47675987 925
49662878 926
12307167 927
46933217 928
49605288 929
24721695 930
11072678 931
49133489 932
33727351 933
49781303 934
47084096 935
3538453 936
38755187 937
26682267 938
22567780 939
49082499 940
48447022 941
25992189 942
34307205 943
35863594 944
46170710 945
46081746 946
5913561 947
6536866 948
11677401 949
29788109 950
11445770 951
12586328 952
10086034 953
4074209 954
9927474 955
46947318 956
5624215 957
47611625 958
5538488 959
42440755 960
8242454 961
30863087 962
48204872 963
6288812 964
38182294 965
27775222 966
49595275 967
49334944 968
36520244 969
17009462 970
30547251 971
47704488 972
3777745 973
39947892 974
10460311 975
49808673 976
48953934 977
13659405 978
41355748 979
3584017 980
42408830 981
9992634 982
3809021 983
40662404 984
14021009 985
42508198 986
48371195 987
46079885 988
46872261 989
49604959 990
49698848 991
5128342 992
29381995 993
5378934 994
5880295 995
49108034 996
34749567 997
49152437 998
19795120 999
38865649 1000
4619874 1001
46780103 1002
12322612 1003
28363558 1004
48575543 1005
7329976 1006
8338070 1007
33603777 1008
32840993 1009
47760222 1010
45984941 1011
5607305 1012
48098234 1013
49950821 1014
47678405 1015
23153732 1016
6020076 1017
49718863 1018
20484947 1019
10569263 1020
38281288 1021
46780515 1022
18653020 1023
31543523 1024
7556846 1025
30020644 1026
50034842 1027
2424978 1028
47125794 1029
33321337 1030
49947067 1031
17483325 1032
6497494 1033
49263044 1034
16743405 1035
11516019 1036
49716925 1037
25578090 1038
47571779 1039
48540069 1040
47939832 1041
49421776 1042
12630756 1043
49283455 1044
41240679 1045
47350568 1046
36445861 1047
5017800 1048
24764304 1049
47963794 1050
50061545 1051
6076832 1052
29162855 1053
40266716 1054
5948153 1055
36093548 1056
49192074 1057
40761382 1058
38914176 1059
14194426 1060
16752806 1061
3036103 1062
15740990 1063
49077953 1064
11124794 1065
14506945 1066
46602394 1067
36493414 1068
49651523 1069
8387490 1070
24724316 1071
11577193 1072
36642096 1073
14217612 1074
49165407 1075
11719019 1076
37329869 1077
42797659 1078
46291727 1079
46928196 1080
39924180 1081
48338586 1082
15487663 1083
49835300 1084
48398463 1085
33891320 1086
4794460 1087
9734489 1088
19949852 1089
46003903 1090
13619072 1091
40202833 1092
5753681 1093
2996564 1094
37391002 1095
40757976 1096
5792890 1097
23936025 1098
36646694 1099
30442386 1100
45392958 1101
32280650 1102
29474203 1103
9615165 1104
46234470 1105
33441797 1106
10345736 1107
4583250 1108
48521653 1109
47306528 1110
34378131 1111
37537092 1112
8418456 1113
11596231 1114
5174230 1115
35205777 1116
47845561 1117
39478209 1118
45330013 1119
13186514 1120
2806201 1121
5767872 1122
21037397 1123
34475469 1124
36600688 1125
32077593 1126
45189885 1127
29713043 1128
12971641 1129
34112491 1130
42330393 1131
35029456 1132
49771785 1133
19981593 1134
42649431 1135
15022965 1136
21924855 1137
49498035 1138
14998053 1139
15580590 1140
33584726 1141
7912558 1142
31190698 1143
35312693 1144
48618578 1145
4792251 1146
21299181 1147
7681717 1148
45492386 1149
48577944 1150
12397886 1151
11194053 1152
8179359 1153
48563904 1154
2068995 1155
48382622 1156
41260466 1157
14053223 1158
49298468 1159
48398291 1160
48106946 1161
31686646 1162
19575390 1163
31532445 1164
48302541 1165
24490508 1166
6881007 1167
29471745 1168
49068109 1169
5545933 1170
28812165 1171
38030805 1172
6836760 1173
20382655 1174
41312217 1175
50081211 1176
28822628 1177
8794299 1178
31135125 1179
9709436 1180
10338846 1181
39184566 1182
48446798 1183
16164385 1184
42386495 1185
34765001 1186
14658986 1187
48260067 1188
46357897 1189
48466137 1190
49030907 1191
38435578 1192
6723832 1193
8748800 1194
34036677 1195
2665624 1196
17631029 1197
4896748 1198
12899759 1199
29301154 1200
36393580 1201
19373060 1202
5298198 1203
48448021 1204
26145951 1205
31990414 1206
39692031 1207
12433591 1208
4266843 1209
49166312 1210
33779328 1211
38586816 1212
45524600 1213
21097124 1214
14614526 1215
25132448 1216
20540747 1217
5312009 1218
23403750 1219
7333445 1220
37323372 1221
4298039 1222
20838319 1223
8910428 1224
33855292 1225
15728699 1226
42949935 1227
4104570 1228
49554736 1229
15595581 1230
37029643 1231
47095935 1232
23821249 1233
25642085 1234
49358043 1235
48337280 1236
3097449 1237
49354185 1238
7807839 1239
46955217 1240
42410680 1241
20254745 1242
24055891 1243
4661216 1244
7255402 1245
14040499 1246
11804399 1247
12642593 1248
46828993 1249
6472927 1250
36353302 1251
34944105 1252
46595119 1253
35401145 1254
14540152 1255
6501024 1256
42774492 1257
30440208 1258
12744585 1259
49188222 1260
24931646 1261
40174554 1262
24095679 1263
23923829 1264
48673781 1265
5632555 1266
34143761 1267
10064338 1268
8993907 1269
45783633 1270
40855462 1271
39688459 1272
49718507 1273
23136595 1274
49189441 1275
49797002 1276
48725636 1277
49982170 1278
9322015 1279
36315509 1280
49245418 1281
31106236 1282
17760892 1283
43035787 1284
46278813 1285
29926694 1286
16579643 1287
11395913 1288
7758677 1289
42908068 1290
20364554 1291
48460945 1292
47227581 1293
47093625 1294
6740433 1295
38746117 1296
2945101 1297
22426427 1298
49632571 1299
3799231 1300
47600170 1301
16164088 1302
4939814 1303
35904876 1304
34981073 1305
9433424 1306
47633011 1307
49517172 1308
48312461 1309
20236259 1310
2437045 1311
38274834 1312
12563817 1313
23869838 1314
24108911 1315
49039903 1316
48996153 1317
2493906 1318
5828872 1319
10485297 1320
48641470 1321
45234359 1322
3201112 1323
21322514 1324
10541162 1325
49207311 1326
24805908 1327
40652407 1328
47761782 1329
29664294 1330
33269039 1331
11363456 1332
47168365 1333
11530676 1334
48813138 1335
46685590 1336
4748050 1337
22413776 1338
34272390 1339
15733092 1340
49544327 1341
49617112 1342
3653144 1343
40878309 1344
26021646 1345
27701420 1346
42338212 1347
3219538 1348
21896066 1349
42801350 1350
35718522 1351
26614060 1352
14546633 1353
13611742 1354
39515158 1355
46275761 1356
21865644 1357
3475627 1358
7104016 1359
47379996 1360
49136186 1361
10084850 1362
30218197 1363
49134481 1364
5045131 1365
40518035 1366
49691348 1367
18734756 1368
47953108 1369
46534005 1370
49169524 1371
38633943 1372
46078122 1373
24605171 1374
48190896 1375
38982411 1376
49550126 1377
41099633 1378
45357580 1379
15704771 1380
4686433 1381
46598687 1382
26578686 1383
40721560 1384
29148109 1385
17199467 1386
37168325 1387
36548025 1388
49045841 1389
47443756 1390
49552151 1391
3239379 1392
47257444 1393
11197865 1394
40945758 1395
48994592 1396
6145065 1397
13617010 1398
25532817 1399
7321024 1400
8868211 1401
29343177 1402
48513999 1403
46998717 1404
46632462 1405
19276707 1406
32914465 1407
35647173 1408
34590206 1409
15613501 1410
13930898 1411
42882250 1412
2470953 1413
48820440 1414
34151701 1415
34214491 1416
13197747 1417
28596781 1418
48540419 1419
5730999 1420
39783691 1421
6821965 1422
49920078 1423
48949290 1424
30101720 1425
7870067 1426
19179607 1427
48679207 1428
10823514 1429
33541032 1430
38232096 1431
40915515 1432
9011238 1433
4907154 1434
15021590 1435
46192709 1436
19988496 1437
10190104 1438
49555071 1439
6205698 1440
2351222 1441
49726541 1442
42538467 1443
23112101 1444
48939866 1445
48533307 1446
10413919 1447
39837021 1448
38649131 1449
6578559 1450
41899359 1451
48145843 1452
4896660 1453
12401864 1454
31864658 1455
48993201 1456
19192269 1457
9443718 1458
48302758 1459
15970457 1460
6188098 1461
45231339 1462
22577345 1463
5260845 1464
40023744 1465
31490675 1466
49320150 1467
6086515 1468
47189184 1469
47382830 1470
5360035 1471
7668999 1472
27186283 1473
49706395 1474
48404933 1475
48138139 1476
46432150 1477
15269110 1478
37888435 1479
13628289 1480
41413229 1481
37255934 1482
13660415 1483
49062488 1484
11100192 1485
6467743 1486
6409290 1487
34069305 1488
48978310 1489
46492684 1490
45710086 1491
13856705 1492
38407927 1493
14914213 1494
34969498 1495
21248492 1496
20265137 1497
5809450 1498
9958812 1499
14106776 1500
13628632 1501
32985298 1502
42277753 1503
40323229 1504
34286040 1505
2322984 1506
11418386 1507
40173701 1508
47758856 1509
25798960 1510
3792773 1511
37820449 1512
23922670 1513
17783708 1514
10106919 1515
33446197 1516
48718348 1517
2822074 1518
17270837 1519
36391380 1520
48280214 1521
48382125 1522
49299176 1523
6927089 1524
9406537 1525
24603260 1526
38196595 1527
48274434 1528
50015579 1529
47411171 1530
48385899 1531
38705170 1532
15982478 1533
42169790 1534
13816427 1535
31425175 1536
29219524 1537
27103804 1538
50045855 1539
35814790 1540
9385639 1541
10038723 1542
27052130 1543
46781076 1544
38943847 1545
34791638 1546
47760803 1547
26340386 1548
46020090 1549
10679154 1550
40023428 1551
38356652 1552
48780310 1553
38930101 1554
16762685 1555
49215084 1556
7872838 1557
49407598 1558
49524234 1559
34960140 1560
36898978 1561
45554114 1562
49825400 1563
27507938 1564
41396713 1565
39012208 1566
6068360 1567
16060451 1568
34947246 1569
4785900 1570
48927797 1571
6655888 1572
50900118 1573
9143446 1574
45577961 1575
47681185 1576
49103069 1577
47095965 1578
48726797 1579
4950635 1580
6237203 1581
37821033 1582
18387224 1583
16355491 1584
7592162 1585
40156204 1586
42309197 1587
42804580 1588
36681022 1589
9767465 1590
42977561 1591
49403513 1592
49792713 1593
5983319 1594
36534100 1595
32972836 1596
23007214 1597
48985555 1598
37609939 1599
7156218 1600
3348513 1601
19943731 1602
38127332 1603
20501166 1604
48063395 1605
5384046 1606
25569131 1607
11068917 1608
39323906 1609
49446906 1610
41019307 1611
28813634 1612
38395587 1613
30917475 1614
35644103 1615
7268750 1616
17657188 1617
49128084 1618
14335016 1619
5050053 1620
3372160 1621
5260276 1622
49260890 1623
48812404 1624
49366488 1625
25486943 1626
47965078 1627
31238212 1628
32713131 1629
21343301 1630
27256397 1631
26267998 1632
39160276 1633
48499581 1634
47819436 1635
40548377 1636
49437532 1637
35411633 1638
20180412 1639
47738283 1640
35158707 1641
3917479 1642
39125860 1643
47778909 1644
46803989 1645
4774201 1646
3407280 1647
8053096 1648
8362937 1649
48065355 1650
10307766 1651
48804840 1652
41475689 1653
49534792 1654
5314982 1655
48714061 1656
9986504 1657
49608249 1658
4266282 1659
35479046 1660
33901683 1661
47162414 1662
38774984 1663
8920280 1664
41729817 1665
42187070 1666
11790576 1667
48981870 1668
48681458 1669
48137825 1670
49697866 1671
48540822 1672
48739390 1673
10342478 1674
48080879 1675
26084772 1676
39307146 1677
3113329 1678
20393330 1679
47658647 1680
20469517 1681
20269605 1682
24789150 1683
9482176 1684
28237387 1685
41315175 1686
48453715 1687
46860087 1688
43051214 1689
48579764 1690
49082241 1691
6800645 1692
29703343 1693
7887085 1694
47504172 1695
4660110 1696
26172990 1697
27015167 1698
5367368 1699
14225794 1700
4067754 1701
36224672 1702
49700704 1703
31910765 1704
4429928 1705
47591112 1706
27453972 1707
19562301 1708
8224449 1709
45227499 1710
39902930 1711
20189071 1712
49706293 1713
34903308 1714
8233695 1715
48778195 1716
18393248 1717
15833968 1718
48001471 1719
33693584 1720
49647469 1721
28789471 1722
2625685 1723
11323863 1724
18130464 1725
33098420 1726
47360188 1727
5421909 1728
48723694 1729
38699088 1730
49572702 1731
29208516 1732
9635762 1733
48910858 1734
12521563 1735
7834150 1736
41263020 1737
39338312 1738
15983168 1739
17127758 1740
3780142 1741
23423304 1742
5991117 1743
47084928 1744
49593828 1745
26178423 1746
19550079 1747
30637523 1748
13132238 1749
40793842 1750
49009862 1751
45129773 1752
29597027 1753
49752830 1754
10295641 1755
37990502 1756
12542761 1757
49329358 1758
9981666 1759
27670202 1760
47513982 1761
4813 1762
30115262 1763
49668060 1764
49876741 1765
39866993 1766
49122545 1767
13429611 1768
32788331 1769
49236195 1770
47812304 1771
10017406 1772
14366273 1773
45363604 1774
33546911 1775
42104968 1776
26481292 1777
7155480 1778
9267150 1779
4949750 1780
8894954 1781
41351749 1782
5868537 1783
5483413 1784
23287434 1785
36578775 1786
7897826 1787
45895535 1788
40205293 1789
6564953 1790
49354781 1791
4301156 1792
2477561 1793
47682299 1794
47852888 1795
47476336 1796
39578405 1797
32095889 1798
45724144 1799
12370082 1800
23826950 1801
2037575 1802
49731042 1803
49314456 1804
46595022 1805
10054785 1806
5032318 1807
21183871 1808
48089778 1809
38020358 1810
22666350 1811
3395700 1812
35766959 1813
39378251 1814
46893775 1815
9073242 1816
24726243 1817
38207129 1818
34192054 1819
48520853 1820
46737961 1821
3216163 1822
49819664 1823
9880923 1824
49794553 1825
47618136 1826
42165186 1827
14316245 1828
14869243 1829
32065484 1830
22069427 1831
7535911 1832
2064762 1833
13417997 1834
32032367 1835
50074234 1836
36645667 1837
33416081 1838
17375567 1839
49279779 1840
2533688 1841
42976654 1842
48123527 1843
49308868 1844
47569974 1845
48420573 1846
45676906 1847
31127574 1848
4825256 1849
32393657 1850
42260509 1851
34674442 1852
40203784 1853
48098706 1854
33044751 1855
15191566 1856
48977651 1857
6382460 1858
24345279 1859
48345399 1860
42590622 1861
49677726 1862
46059903 1863
16268829 1864
35698424 1865
37611022 1866
39734952 1867
16545150 1868
28738672 1869
21179133 1870
49593655 1871
47650824 1872
6654458 1873
20796125 1874
34072659 1875
30548251 1876
8484926 1877
3407479 1878
47574138 1879
7044173 1880
48800009 1881
49439148 1882
49474319 1883
33124597 1884
41462001 1885
1070291 1886
23103483 1887
41143545 1888
39316649 1889
2926866 1890
45443366 1891
34072339 1892
6190999 1893
39639089 1894
49573705 1895
49377030 1896
48994953 1897
49234543 1898
49037793 1899
12186296 1900
15502068 1901
47546003 1902
48827673 1903
48782315 1904
7495990 1905
31023228 1906
39788101 1907
6953091 1908
5392738 1909
5328295 1910
17778514 1911
11999027 1912
48583561 1913
36365688 1914
34023462 1915
8674455 1916
10764865 1917
39009752 1918
3841174 1919
26783472 1920
10508278 1921
10484853 1922
45650364 1923
49669396 1924
9454875 1925
46061645 1926
48381186 1927
9849492 1928
35286832 1929
17896034 1930
48850963 1931
5821044 1932
47511588 1933
15040357 1934
18010343 1935
3089554 1936
17303955 1937
35761961 1938
35548607 1939
38410521 1940
6744295 1941
12709679 1942
3586326 1943
23668320 1944
41431833 1945
49894043 1946
43002129 1947
9764801 1948
32328267 1949
8523868 1950
24120911 1951
30060276 1952
12770115 1953
47529734 1954
49685669 1955
15880852 1956
29502478 1957
41433647 1958
49555647 1959
5830365 1960
6443227 1961
33738965 1962
38748330 1963
46764615 1964
48539313 1965
5835405 1966
45997217 1967
35507298 1968
47228074 1969
26971671 1970
24616915 1971
8054709 1972
47721063 1973
49067482 1974
14064743 1975
41885871 1976
46873253 1977
5362570 1978
49408176 1979
3133255 1980
24540577 1981
11090176 1982
40009780 1983
8859640 1984
11301051 1985
2150720 1986
49227050 1987
48433126 1988
19266097 1989
20392718 1990
48878427 1991
7659131 1992
5170101 1993
23133439 1994
49264675 1995
31526641 1996
49622689 1997
33931921 1998
22819316 1999
4805824 2000
5346479 2001
37701511 2002
49586128 2003
41068071 2004
3961662 2005
49706578 2006
2121794 2007
16591625 2008
49285115 2009
11784727 2010
12487400 2011
49123652 2012
45887359 2013
45970779 2014
6895273 2015
8405855 2016
46266886 2017
41422178 2018
48405427 2019
15151352 2020
47753479 2021
49587861 2022
7394768 2023
3844005 2024
16723888 2025
21349889 2026
12345994 2027
46883712 2028
13877702 2029
49515396 2030
45345156 2031
26228146 2032
7968991 2033
35429597 2034
6267204 2035
9468831 2036
29149672 2037
13364686 2038
49501882 2039
8351083 2040
3446924 2041
46162571 2042
49312853 2043
8142836 2044
49357976 2045
49427489 2046
7363388 2047
38145166 2048
16292086 2049
3696691 2050
10708595 2051
18681753 2052
3839132 2053
5217835 2054
19927255 2055
2409916 2056
9843159 2057
25989662 2058
5616910 2059
48489174 2060
48911286 2061
41857250 2062
45347111 2063
29462794 2064
6319035 2065
11691262 2066
29420549 2067
48698107 2068
30664865 2069
9256640 2070
48704256 2071
48314279 2072
20213200 2073
47899311 2074
7602665 2075
30986836 2076
47546372 2077
27564336 2078
8818632 2079
5130574 2080
49407385 2081
40146919 2082
32568758 2083
20973060 2084
42454924 2085
26891570 2086
38105025 2087
48158980 2088
45393600 2089
49735379 2090
13201988 2091
48103526 2092
31285709 2093
10341457 2094
49607972 2095
7895167 2096
25387919 2097
48166295 2098
13616436 2099
4706068 2100
32476234 2101
10237824 2102
5070050 2103
18663109 2104
2687644 2105
48780814 2106
7891836 2107
49683450 2108
49425274 2109
47713993 2110
6931291 2111
9275653 2112
7307405 2113
49346062 2114
25853580 2115
49148121 2116
41128441 2117
10660903 2118
47773476 2119
39937699 2120
48108712 2121
49576785 2122
48033119 2123
30969760 2124
34219272 2125
25912707 2126
49647754 2127
5353536 2128
37447876 2129
42799443 2130
46792287 2131
47137181 2132
45910942 2133
23908125 2134
47703063 2135
9663603 2136
20772539 2137
33922076 2138
3108408 2139
6628480 2140
4732006 2141
2762867 2142
48755762 2143
4108475 2144
2926292 2145
47552576 2146
11140396 2147
31391615 2148
24594509 2149
8985317 2150
12832252 2151
49462315 2152
26214420 2153
24969754 2154
41907420 2155
21910487 2156
47850202 2157
18535711 2158
6423603 2159
49591696 2160
37267270 2161
46340744 2162
7377446 2163
30295531 2164
48474006 2165
12178680 2166
48504841 2167
48527316 2168
25120144 2169
49426167 2170
19122648 2171
10318870 2172
27131646 2173
49103744 2174
49860355 2175
33382226 2176
38942886 2177
10663296 2178
15064469 2179
34757653 2180
6769026 2181
5406677 2182
46192926 2183
10601245 2184
7341328 2185
4063309 2186
26346605 2187
46300083 2188
48229224 2189
9141637 2190
15401203 2191
18103425 2192
48162202 2193
49257397 2194
21881397 2195
34314710 2196
48480684 2197
43000921 2198
7620623 2199
19717467 2200
48848897 2201
41361559 2202
3029994 2203
46986078 2204
49560513 2205
46652246 2206
32833986 2207
20743237 2208
49626864 2209
36797741 2210
49133822 2211
30647686 2212
48206781 2213
36020203 2214
48113325 2215
48777563 2216
46626556 2217
48962169 2218
17326584 2219
47596058 2220
3393602 2221
31732702 2222
25061026 2223
5576920 2224
46662847 2225
17349856 2226
3461636 2227
24609920 2228
19799716 2229
45570451 2230
42467326 2231
10459552 2232
4142595 2233
30785166 2234
48806895 2235
48507399 2236
7934464 2237
48007274 2238
30458080 2239
48248417 2240
47954540 2241
46724770 2242
49115269 2243
40299938 2244
5353520 2245
30117869 2246
49099730 2247
48994211 2248
48862147 2249
49430885 2250
7897466 2251
4090039 2252
3156750 2253
39673868 2254
49809634 2255
30401648 2256
5459640 2257
6842214 2258
48527582 2259
48711815 2260
10084420 2261
47531825 2262
34699004 2263
22223853 2264
48050445 2265
29506287 2266
5628752 2267
47886418 2268
2555124 2269
32367420 2270
17114005 2271
48383534 2272
38692512 2273
38206923 2274
5554469 2275
7924231 2276
7430801 2277
31965921 2278
48641799 2279
49128626 2280
48190672 2281
48774884 2282
48056461 2283
26824960 2284
33380290 2285
15865199 2286
49603281 2287
11175586 2288
48570884 2289
6957362 2290
48895001 2291
21701145 2292
41022778 2293
46958147 2294
11466319 2295
32964265 2296
32768314 2297
29755145 2298
13272686 2299
26340784 2300
19794957 2301
10570438 2302
41464102 2303
49201797 2304
31954879 2305
46539820 2306
20713066 2307
2014660 2308
2433117 2309
8335088 2310
18903145 2311
16359477 2312
48574869 2313
47799530 2314
48528196 2315
3664659 2316
29836208 2317
49532103 2318
31031201 2319
31819370 2320
27046929 2321
38440541 2322
49260228 2323
48314298 2324
45748794 2325
22725415 2326
1042995 2327
8198137 2328
48146944 2329
12450843 2330
13489374 2331
48038115 2332
34100226 2333
12927946 2334
49125539 2335
5879236 2336
38971985 2337
22259130 2338
19659565 2339
2614736 2340
27246212 2341
47172812 2342
13055580 2343
36203740 2344
30725883 2345
49683109 2346
47824286 2347
3655847 2348
12631738 2349
12944358 2350
26573100 2351
40535433 2352
39249720 2353
47192913 2354
37745585 2355
45993213 2356
5099240 2357
46306005 2358
19078452 2359
7309319 2360
42413820 2361
46929349 2362
41442356 2363
33235723 2364
21843046 2365
46675147 2366
38549903 2367
9674741 2368
29870887 2369
47230512 2370
46949876 2371
49081936 2372
2374752 2373
37108838 2374
12750442 2375
45889751 2376
24045001 2377
49564268 2378
39616845 2379
5456426 2380
49233658 2381
41960012 2382
10017783 2383
13694545 2384
40053529 2385
8769920 2386
7970363 2387
34827323 2388
49175729 2389
38095336 2390
26776470 2391
29456873 2392
23349987 2393
37779933 2394
49537251 2395
19536434 2396
8558225 2397
21660286 2398
39529380 2399
27275113 2400
46550730 2401
30645938 2402
9268733 2403
49768374 2404
42755111 2405
4397318 2406
23262125 2407
33644585 2408
49671758 2409
49353704 2410
49065334 2411
46642249 2412
47630983 2413
26034798 2414
9566486 2415
40970425 2416
8862335 2417
22474290 2418
28195355 2419
8749273 2420
47992022 2421
41008492 2422
41356769 2423
45125723 2424
28518720 2425
5387877 2426
13916786 2427
48585551 2428
4619730 2429
49666490 2430
11347080 2431
49355090 2432
14902397 2433
46538840 2434
37756033 2435
49066689 2436
20706892 2437
4297698 2438
48821238 2439
49015326 2440
13341454 2441
18766275 2442
21928423 2443
49994370 2444
16203681 2445
49135236 2446
20221356 2447
24100927 2448
35673232 2449
13559482 2450
7737956 2451
3498059 2452
16515527 2453
49585534 2454
21243877 2455
47846039 2456
12576827 2457
9463560 2458
49177085 2459
37890006 2460
48468169 2461
25351220 2462
3179476 2463
3041979 2464
48913801 2465
30753611 2466
3342677 2467
5337979 2468
3597425 2469
48584061 2470
49878783 2471
46042260 2472
48175477 2473
32989504 2474
7314089 2475
10419221 2476
9648705 2477
3457845 2478
37525685 2479
2698266 2480
26254296 2481
11914657 2482
5465701 2483
46550063 2484
22095431 2485
45995491 2486
41555971 2487
48285461 2488
11765708 2489
34714289 2490
18159242 2491
48736200 2492
11528552 2493
21811605 2494
48349848 2495
36068926 2496
2940920 2497
34684236 2498
21195430 2499
3129555 2500
4545331 2501
49586207 2502
2017294 2503
33856450 2504
25088987 2505
48495631 2506
14797524 2507
5488476 2508
42235159 2509
45683665 2510
30639060 2511
24344534 2512
46465851 2513
4750074 2514
14621540 2515
18224300 2516
34721667 2517
28799295 2518
3607462 2519
16357749 2520
48857385 2521
19810469 2522
16370806 2523
10555636 2524
47285838 2525
23601542 2526
22248427 2527
3171194 2528
32915137 2529
49528483 2530
32793144 2531
4876983 2532
19254270 2533
47423783 2534
41180920 2535
35087788 2536
48752133 2537
5702679 2538
39764149 2539
47143440 2540
46399583 2541
37241948 2542
21641056 2543
34827343 2544
47517429 2545
48322647 2546
47287736 2547
2680747 2548
49092899 2549
47752240 2550
5569385 2551
27047839 2552
47543578 2553
47296177 2554
34135821 2555
48584266 2556
48979329 2557
13961304 2558
50068038 2559
37718933 2560
48199328 2561
37144364 2562
8242636 2563
3001061 2564
4579856 2565
49155613 2566
3314993 2567
46287258 2568
46606349 2569
12117461 2570
5703352 2571
49401836 2572
7496494 2573
10958454 2574
23956409 2575
29092837 2576
45498570 2577
15483096 2578
30332168 2579
8580660 2580
24092273 2581
14397542 2582
47455763 2583
25916233 2584
14370963 2585
2734644 2586
22881904 2587
48713951 2588
6315595 2589
38214134 2590
48725260 2591
33815193 2592
5566672 2593
33277309 2594
48488648 2595
8018373 2596
48289773 2597
38092526 2598
36948351 2599
6504385 2600
21470650 2601
47747242 2602
10978591 2603
15049554 2604
48704316 2605
48397025 2606
6849560 2607
48632738 2608
4738100 2609
37965017 2610
36581229 2611
5997183 2612
47382870 2613
38883245 2614
8189463 2615
30904033 2616
45479079 2617
33153056 2618
48916426 2619
49671538 2620
28295187 2621
49990907 2622
50054492 2623
5489004 2624
4806756 2625
49599232 2626
47971360 2627
35565354 2628
34922433 2629
49607395 2630
47967382 2631
36943531 2632
9323533 2633
11281614 2634
24322378 2635
18125505 2636
47552808 2637
49083605 2638
49122465 2639
40349809 2640
41577471 2641
14741629 2642
39049216 2643
17699437 2644
19661203 2645
17700877 2646
41987695 2647
49388593 2648
22195552 2649
49998763 2650
4932941 2651
8340792 2652
26538722 2653
46193172 2654
47028090 2655
36972583 2656
29454932 2657
38106910 2658
8855676 2659
32049218 2660
39387471 2661
4601937 2662
49280099 2663
7903563 2664
8016315 2665
25539103 2666
49558279 2667
33924149 2668
12110578 2669
30471564 2670
46183544 2671
5691391 2672
47714054 2673
14018864 2674
48994573 2675
6325155 2676
30221372 2677
31729623 2678
21459847 2679
7973570 2680
33180362 2681
40207451 2682
24348456 2683
36985843 2684
3418858 2685
23971399 2686
48632254 2687
14136089 2688
10457183 2689
45869259 2690
40971723 2691
19229062 2692
49319058 2693
47446028 2694
48537321 2695
6398108 2696
13117563 2697
4919682 2698
16036001 2699
33955617 2700
15248609 2701
35432007 2702
49923304 2703
12211213 2704
16508179 2705
35287720 2706
45772220 2707
40985984 2708
14823123 2709
49615503 2710
27206232 2711
26536731 2712
48954278 2713
49326848 2714
48419389 2715
8629282 2716
49437065 2717
46724104 2718
21068416 2719
49812599 2720
40963625 2721
32873932 2722
10361236 2723
45516164 2724
41888522 2725
47556401 2726
33181968 2727
11405126 2728
47119501 2729
48401539 2730
5039367 2731
46388582 2732
42133672 2733
5218260 2734
47326836 2735
49100476 2736
6825944 2737
3594903 2738
20657043 2739
42591648 2740
21475394 2741
2036485 2742
34392975 2743
45759328 2744
9772856 2745
41557691 2746
46968357 2747
5215350 2748
8747892 2749
48600275 2750
20377923 2751
49203541 2752
33350407 2753
4735480 2754
6152442 2755
7892605 2756
6867813 2757
35606415 2758
34706755 2759
26263706 2760
14181642 2761
38815452 2762
30988914 2763
46132114 2764
31008567 2765
6088649 2766
11595390 2767
7133754 2768
18899593 2769
6134068 2770
45864262 2771
5904176 2772
9831127 2773
47599687 2774
23375519 2775
18217148 2776
47826179 2777
21190993 2778
28906926 2779
49437051 2780
9076140 2781
38578008 2782
32978812 2783
5517353 2784
5254145 2785
5219641 2786
10366858 2787
11328320 2788
49279512 2789
28961550 2790
42755304 2791
48807742 2792
37184754 2793
13486676 2794
49403375 2795
42843120 2796
3219969 2797
39731194 2798
11132411 2799
38663566 2800
20046515 2801
45131861 2802
35183542 2803
33466657 2804
48708343 2805
48244906 2806
48837884 2807
31683465 2808
9113273 2809
43027523 2810
21181507 2811
5928748 2812
9708838 2813
17647859 2814
41510784 2815
27317819 2816
48603924 2817
48042913 2818
48046529 2819
31116292 2820
47240716 2821
7696859 2822
45269184 2823
9790733 2824
49469421 2825
33856552 2826
14391044 2827
22414570 2828
11491895 2829
47859430 2830
7614518 2831
48849711 2832
17746073 2833
3271084 2834
15571350 2835
20916586 2836
2103523 2837
48907169 2838
2431515 2839
45600767 2840
36876454 2841
46983750 2842
46237841 2843
34200921 2844
8979456 2845
21691005 2846
40097215 2847
39404044 2848
17934987 2849
42775076 2850
13928662 2851
46551268 2852
47864209 2853
32708767 2854
28824952 2855
36849051 2856
25800117 2857
48538723 2858
8354831 2859
48714533 2860
12983856 2861
49128339 2862
3043017 2863
10622039 2864
12442168 2865
20121712 2866
48939883 2867
8731709 2868
10265124 2869
8086421 2870
49575520 2871
22394685 2872
6249709 2873
7307250 2874
46340666 2875
48863684 2876
47486075 2877
49365546 2878
37706728 2879
13139940 2880
15852355 2881
5615685 2882
49437903 2883
5406540 2884
47658214 2885
38136474 2886
14521883 2887
16283272 2888
9829339 2889
48467324 2890
49873392 2891
48280829 2892
16272803 2893
48959892 2894
36716341 2895
36146731 2896
47895554 2897
3282460 2898
14518460 2899
49125930 2900
45134507 2901
49555152 2902
47929892 2903
48297281 2904
47464742 2905
49603735 2906
24244617 2907
18944217 2908
8498924 2909
48415626 2910
34504194 2911
10868740 2912
47929872 2913
49766677 2914
48890506 2915
25936718 2916
49592535 2917
10477691 2918
36884068 2919
32781382 2920
23158030 2921
3039657 2922
48989918 2923
7462389 2924
39788958 2925
7613566 2926
13226827 2927
37785406 2928
12492862 2929
49519855 2930
49230162 2931
37493290 2932
47857897 2933
48897296 2934
46784987 2935
46831639 2936
25814762 2937
37366904 2938
48494962 2939
42266654 2940
49260648 2941
47762409 2942
46686423 2943
5855186 2944
31420972 2945
38367967 2946
49783633 2947
17869758 2948
48517220 2949
48105544 2950
38147508 2951
3506420 2952
17698983 2953
48934622 2954
6564780 2955
48022737 2956
9084299 2957
33502948 2958
47824658 2959
35655248 2960
49911856 2961
48984857 2962
2431621 2963
36695810 2964
49173319 2965
48540030 2966
46359151 2967
49817777 2968
3137007 2969
12892840 2970
12313387 2971
45412036 2972
46886984 2973
19906246 2974
14691679 2975
36866114 2976
11851868 2977
48700140 2978
46056792 2979
48209367 2980
21759087 2981
47792929 2982
45555127 2983
49901883 2984
25902685 2985
47225429 2986
47263180 2987
14991110 2988
5639188 2989
5759160 2990
11252407 2991
39886406 2992
28673940 2993
7227267 2994
49025843 2995
23201582 2996
45371524 2997
9870203 2998
49001179 2999
33499074 3000
32433601 3001
48097099 3002
47729842 3003
50042444 3004
4423116 3005
24199849 3006
37735259 3007
5570800 3008
41261889 3009
41924338 3010
20612295 3011
41139836 3012
48691464 3013
49441617 3014
6164321 3015
49159311 3016
38716447 3017
18988446 3018
47991745 3019
7430832 3020
47091877 3021
40050683 3022
19828356 3023
37108847 3024
10199582 3025
47035806 3026
25410893 3027
6152443 3028
49620456 3029
2465712 3030
3273965 3031
36162108 3032
48264268 3033
27761425 3034
48837297 3035
11232776 3036
40733370 3037
2404306 3038
21533023 3039
47073231 3040
23240952 3041
47280681 3042
48718498 3043
34292560 3044
29447884 3045
49613259 3046
16190798 3047
20715570 3048
32753736 3049
48316960 3050
36626808 3051
42813337 3052
20908393 3053
30008483 3054
47980870 3055
11665532 3056
24228528 3057
25102739 3058
18932085 3059
5137862 3060
47615482 3061
13841016 3062
3155540 3063
38939141 3064
5462399 3065
13339686 3066
14248161 3067
1042903 3068
19593786 3069
33159137 3070
10198765 3071
16534772 3072
49020233 3073
9574280 3074
48992646 3075
47005823 3076
36547831 3077
15666207 3078
4641043 3079
15205614 3080
46606941 3081
5832264 3082
26612409 3083
48908804 3084
2020550 3085
35173777 3086
26620362 3087
12928419 3088
36144408 3089
39849986 3090
43087961 3091
36948176 3092
21523768 3093
6386989 3094
7397321 3095
30197164 3096
10124692 3097
49678157 3098
41654840 3099
33846516 3100
4447744 3101
10601734 3102
2630994 3103
48431693 3104
9711247 3105
46651475 3106
40801592 3107
45498828 3108
47026107 3109
48816892 3110
49029401 3111
33183864 3112
5820735 3113
17077952 3114
48858065 3115
32455350 3116
47140831 3117
17554805 3118
47245829 3119
32243666 3120
48950281 3121
34364121 3122
21157136 3123
12730813 3124
21516352 3125
3253281 3126
47739624 3127
47345036 3128
48162857 3129
35975332 3130
36502723 3131
36924046 3132
23597248 3133
32228341 3134
49905019 3135
48180872 3136
48045671 3137
49395932 3138
23093028 3139
39939336 3140
36905548 3141
35978507 3142
46522633 3143
8127625 3144
11568322 3145
22673456 3146
2652967 3147
21625304 3148
47360516 3149
37488291 3150
33835769 3151
26652118 3152
9090514 3153
39356102 3154
49544232 3155
7078077 3156
33735782 3157
49735828 3158
9317849 3159
49347131 3160
41484084 3161
37549950 3162
3385332 3163
24934083 3164
49742199 3165
49673099 3166
14434169 3167
34460007 3168
47694764 3169
41964445 3170
22171946 3171
42097066 3172
2315261 3173
12816703 3174
38258853 3175
49707008 3176
46871853 3177
48118306 3178
33934144 3179
47590706 3180
12824859 3181
46146866 3182
37203567 3183
11216062 3184
11449217 3185
48796342 3186
6057461 3187
49824773 3188
5484278 3189
7075852 3190
48346944 3191
7102415 3192
47599874 3193
12888772 3194
49326884 3195
46783562 3196
48519817 3197
37100545 3198
31002989 3199
9759573 3200
49555484 3201
19698557 3202
38583314 3203
22086756 3204
32315668 3205
9145898 3206
16929558 3207
10137159 3208
5591386 3209
7645088 3210
42982174 3211
49914416 3212
26731109 3213
6691665 3214
10026608 3215
39704889 3216
39553595 3217
47686105 3218
38101544 3219
21732924 3220
5130622 3221
39885181 3222
34422189 3223
3364825 3224
6212677 3225
12572393 3226
46663755 3227
47711128 3228
11023825 3229
4417388 3230
49945852 3231
49083454 3232
8263472 3233
32026036 3234
12005877 3235
31848489 3236
48899836 3237
45155341 3238
49777503 3239
3704561 3240
5329869 3241
42409632 3242
49589820 3243
21364740 3244
8824277 3245
9023083 3246
5488414 3247
48944282 3248
15939603 3249
20851207 3250
23586125 3251
45774166 3252
40345359 3253
9091766 3254
10181887 3255
47726760 3256
41780111 3257
31232463 3258
19387296 3259
22815417 3260
12202019 3261
34074446 3262
5383071 3263
47081665 3264
46774997 3265
23808078 3266
48795191 3267
6701249 3268
49176085 3269
31102503 3270
37026508 3271
28998197 3272
49477880 3273
38774426 3274
49516518 3275
41287194 3276
10149490 3277
9714583 3278
49038889 3279
9330704 3280
7980483 3281
36971977 3282
9801121 3283
6008913 3284
4424192 3285
9411014 3286
2482474 3287
6263596 3288
47653462 3289
1042244 3290
39612557 3291
8274895 3292
21793434 3293
8692350 3294
49320292 3295
6128988 3296
29623901 3297
48128538 3298
47206218 3299
21800152 3300
10701433 3301
14579500 3302
10509273 3303
48812283 3304
29936256 3305
11688167 3306
33581061 3307
49343836 3308
40995540 3309
49163055 3310
19751523 3311
8537581 3312
49720804 3313
38570220 3314
11458254 3315
33074752 3316
17641587 3317
47813636 3318
48622072 3319
47274100 3320
28754697 3321
8971579 3322
2240628 3323
8724043 3324
4679882 3325
32345490 3326
41056533 3327
13860775 3328
46096704 3329
48272103 3330
39800288 3331
31016695 3332
20057249 3333
20704529 3334
16835887 3335
47026367 3336
49476022 3337
10519164 3338
30158149 3339
5740451 3340
48806976 3341
42999853 3342
46284526 3343
13972800 3344
6936483 3345
28462709 3346
30404698 3347
10110608 3348
2176087 3349
17435382 3350
8645269 3351
49669366 3352
47921150 3353
49491115 3354
9064854 3355
22418162 3356
41732122 3357
3789767 3358
49474144 3359
19165407 3360
26589552 3361
32009884 3362
2542575 3363
18780822 3364
9177942 3365
21998402 3366
46702871 3367
6284784 3368
47455829 3369
26928475 3370
3196849 3371
41491721 3372
34929458 3373
11747601 3374
34952548 3375
48695165 3376
48374514 3377
49326539 3378
49540933 3379
22745161 3380
33216886 3381
46600342 3382
42544306 3383
10363114 3384
25805075 3385
22077479 3386
49597451 3387
11545373 3388
48883699 3389
42753219 3390
40100904 3391
32096705 3392
47577349 3393
19494659 3394
2170180 3395
2248678 3396
9767094 3397
45130171 3398
45565091 3399
49404128 3400
42057343 3401
49484717 3402
40109832 3403
20687118 3404
11220610 3405
1008113 3406
25210086 3407
15152601 3408
3428113 3409
42085604 3410
6575121 3411
47249055 3412
42073042 3413
23189304 3414
27162828 3415
15784938 3416
18982108 3417
49843120 3418
4571553 3419
48190489 3420
49091498 3421
6476013 3422
41427467 3423
42129611 3424
49967849 3425
39128555 3426
5714922 3427
5949202 3428
49577588 3429
17089623 3430
34263436 3431
38279132 3432
7682880 3433
3583821 3434
22870315 3435
42844058 3436
7251802 3437
48274424 3438
49447038 3439
36725527 3440
37817717 3441
42502233 3442
48947785 3443
25420318 3444
4900751 3445
1053633 3446
48872519 3447
35391837 3448
18494723 3449
21335416 3450
12862424 3451
47639094 3452
48258360 3453
30095488 3454
3680033 3455
45872750 3456
48763721 3457
47355482 3458
7377009 3459
48795482 3460
14497766 3461
28387691 3462
36287266 3463
8027477 3464
47159549 3465
42095082 3466
47557239 3467
4473534 3468
26624918 3469
49129095 3470
15726469 3471
49577834 3472
16494489 3473
7118182 3474
21675729 3475
22714479 3476
47796367 3477
38217154 3478
49650376 3479
47924180 3480
47975602 3481
2318327 3482
46516673 3483
3434256 3484
49011537 3485
48715254 3486
38540299 3487
48236229 3488
48675441 3489
10147977 3490
47654784 3491
47390977 3492
32086197 3493
8790725 3494
5255923 3495
40154364 3496
48597036 3497
18032042 3498
7326772 3499
48319548 3500
30553458 3501
49943056 3502
6409133 3503
25811164 3504
48270407 3505
5923339 3506
5311170 3507
47099262 3508
29866448 3509
11233123 3510
4113012 3511
37527106 3512
11965349 3513
46982096 3514
46606707 3515
21189628 3516
50011225 3517
6307382 3518
5141683 3519
11046369 3520
24879850 3521
14167730 3522
2655702 3523
48448436 3524
33155382 3525
20636034 3526
46740517 3527
2625790 3528
40383189 3529
12511094 3530
42185941 3531
15019360 3532
46886828 3533
45539594 3534
7752871 3535
30654001 3536
37578880 3537
46069732 3538
46912055 3539
4904510 3540
45137106 3541
6874721 3542
49759912 3543
48276045 3544
41398715 3545
7760751 3546
3703087 3547
24455247 3548
33071238 3549
48751996 3550
16124934 3551
8778406 3552
25118688 3553
30127644 3554
49694332 3555
46474166 3556
49369485 3557
49125225 3558
4860204 3559
9897216 3560
11058505 3561
6733988 3562
7205889 3563
45509295 3564
48596604 3565
8726023 3566
28186618 3567
39125135 3568
49383580 3569
25828931 3570
6657534 3571
41705141 3572
26024332 3573
26219228 3574
47643344 3575
48964487 3576
45568097 3577
17311789 3578
10445133 3579
13788346 3580
47718678 3581
43037480 3582
21297757 3583
49000798 3584
24057306 3585
49297275 3586
48653869 3587
24986871 3588
40752565 3589
47976701 3590
5350860 3591
8238427 3592
47750255 3593
18212439 3594
11980315 3595
14044370 3596
48233544 3597
9323759 3598
20831684 3599
8606501 3600
47220422 3601
22822715 3602
24471819 3603
24183858 3604
26235804 3605
35463872 3606
12639616 3607
49689315 3608
41729873 3609
10415061 3610
5270303 3611
48962955 3612
34016883 3613
39574943 3614
26045193 3615
28165265 3616
37721886 3617
31458340 3618
19589016 3619
46523467 3620
48505887 3621
15989990 3622
5946757 3623
48889603 3624
47996605 3625
12980590 3626
45514191 3627
41701885 3628
23242822 3629
4543787 3630
5428563 3631
47540607 3632
41408161 3633
19065866 3634
29949528 3635
34083945 3636
5921053 3637
14932889 3638
5149646 3639
9476841 3640
49324060 3641
47101319 3642
49362131 3643
49526154 3644
14473139 3645
14513434 3646
47493964 3647
39238757 3648
20962929 3649
18660031 3650
21683366 3651
8225636 3652
18041138 3653
14713327 3654
13389412 3655
5579873 3656
49614081 3657
31458817 3658
49022088 3659
49321304 3660
25331873 3661
49352642 3662
46547369 3663
32514609 3664
5390000 3665
30422701 3666
2066761 3667
49250525 3668
3557688 3669
4015949 3670
48491787 3671
39048205 3672
47053660 3673
2495973 3674
25213481 3675
29942401 3676
25926009 3677
42995104 3678
49796132 3679
13677270 3680
3889481 3681
49561772 3682
49409789 3683
25102815 3684
11470775 3685
22789804 3686
48082089 3687
39365702 3688
47271748 3689
21276894 3690
38397494 3691
20337693 3692
16217759 3693
10231436 3694
49285839 3695
12444717 3696
13284310 3697
13523188 3698
35054992 3699
29281953 3700
49165263 3701
25088314 3702
14694960 3703
28717909 3704
26016053 3705
2666093 3706
31910203 3707
21596405 3708
49546897 3709
29381935 3710
14789527 3711
33974278 3712
10054177 3713
2096360 3714
10783828 3715
20956087 3716
29482080 3717
3462408 3718
5439408 3719
5324115 3720
24394751 3721
16363562 3722
11638349 3723
5061582 3724
49106708 3725
42250542 3726
22828780 3727
48690458 3728
5090858 3729
2390616 3730
4903772 3731
2461558 3732
12259437 3733
40743273 3734
48793022 3735
46580267 3736
8369969 3737
31713018 3738
49688392 3739
45609166 3740
16946434 3741
31008656 3742
49869336 3743
49604386 3744
6491263 3745
7828021 3746
29840222 3747
48212876 3748
38536886 3749
18170725 3750
41842950 3751
6899974 3752
48757380 3753
19891010 3754
2831467 3755
49039309 3756
15592622 3757
38674405 3758
46109513 3759
40894157 3760
14377248 3761
49104454 3762
4847037 3763
30078941 3764
30784063 3765
47047256 3766
47696702 3767
49501479 3768
45360006 3769
21144661 3770
45437467 3771
17389076 3772
9284380 3773
49693431 3774
49580737 3775
49900630 3776
27569354 3777
30297261 3778
17478742 3779
29027256 3780
3109435 3781
49210863 3782
40211364 3783
49236589 3784
39707636 3785
9562079 3786
7833195 3787
39223976 3788
48340227 3789
45311706 3790
8780202 3791
48113352 3792
12760098 3793
22477180 3794
3444522 3795
48429715 3796
36323032 3797
33375355 3798
11598148 3799
13381056 3800
22062848 3801
48454576 3802
7306417 3803
49038164 3804
39840447 3805
48312144 3806
49954423 3807
31547023 3808
48349392 3809
29006359 3810
49605557 3811
48746015 3812
12076765 3813
33201425 3814
48539551 3815
18137657 3816
20323847 3817
48540481 3818
49493430 3819
48084476 3820
3465534 3821
11179424 3822
4542667 3823
42208362 3824
27431224 3825
10934139 3826
45969827 3827
35504715 3828
33902649 3829
2719019 3830
8163547 3831
7722103 3832
42980623 3833
46555153 3834
49384545 3835
49377413 3836
28785136 3837
4682554 3838
42840735 3839
48279064 3840
47846933 3841
27704238 3842
4576866 3843
48777905 3844
48517223 3845
35798545 3846
32255234 3847
28053650 3848
11921403 3849
10637132 3850
45342120 3851
4509023 3852
49123230 3853
39057268 3854
32545062 3855
46834047 3856
48287626 3857
46703154 3858
5616861 3859
23176275 3860
6742388 3861
49280012 3862
4107939 3863
48656511 3864
37261624 3865
48497471 3866
42357074 3867
29360996 3868
28977961 3869
49590110 3870
48738194 3871
50053596 3872
47524401 3873
42997376 3874
5241447 3875
14243326 3876
9227077 3877
3387714 3878
46813179 3879
49446927 3880
38009885 3881
48257452 3882
42608579 3883
8012552 3884
47273676 3885
49370533 3886
11975091 3887
39834495 3888
7015143 3889
31642897 3890
41705370 3891
31380717 3892
13680289 3893
7547850 3894
7087828 3895
15674329 3896
20802507 3897
45595787 3898
35132040 3899
12389460 3900
13737545 3901
35319838 3902
47532735 3903
11337045 3904
13727499 3905
8886638 3906
33176007 3907
20427721 3908
24855770 3909
20495875 3910
33736211 3911
30258240 3912
32639977 3913
12101461 3914
2630873 3915
4326275 3916
49214533 3917
39863895 3918
46916118 3919
49405410 3920
23726674 3921
24770804 3922
46121988 3923
47977189 3924
3966666 3925
8653876 3926
41007725 3927
30073486 3928
30038980 3929
48807657 3930
4692365 3931
20000904 3932
36084672 3933
32232999 3934
39180656 3935
20709573 3936
46827472 3937
29708518 3938
6874738 3939
14694081 3940
21219230 3941
38675620 3942
31548660 3943
48335040 3944
17582350 3945
6610769 3946
7834092 3947
2606184 3948
31924773 3949
39119804 3950
4951553 3951
11655886 3952
40480391 3953
48099008 3954
48599227 3955
18632087 3956
5294987 3957
48166986 3958
2472544 3959
35404045 3960
34292555 3961
42769397 3962
26877966 3963
48736927 3964
20757857 3965
49446456 3966
24050614 3967
5717477 3968
38479594 3969
12127074 3970
40111752 3971
5528980 3972
32063290 3973
49018301 3974
47142867 3975
49380470 3976
42537734 3977
33313864 3978
29232640 3979
46036710 3980
36077742 3981
46463415 3982
21030090 3983
45654871 3984
34955280 3985
48505248 3986
47987389 3987
27243239 3988
48587566 3989
49918998 3990
10738570 3991
15515321 3992
36812916 3993
37818352 3994
48840013 3995
49285420 3996
48007049 3997
2059839 3998
38463402 3999
47512619 4000
2223875 4001
46139732 4002
6787020 4003
48327698 4004
36734299 4005
49351571 4006
46146025 4007
47268154 4008
32855574 4009
48172215 4010
19831326 4011
12307322 4012
48677151 4013
23730646 4014
10694762 4015
49278107 4016
5990382 4017
38219686 4018
9013935 4019
49305161 4020
48422509 4021
7905157 4022
48395585 4023
17951612 4024
39887734 4025
47673584 4026
3397013 4027
48984278 4028
28213510 4029
25498846 4030
18758597 4031
13755646 4032
11187472 4033
48994406 4034
9058418 4035
49946928 4036
5510568 4037
34621787 4038
12442274 4039
41805594 4040
5641628 4041
49430901 4042
47736284 4043
45725181 4044
46869198 4045
20423428 4046
41502681 4047
39084877 4048
5662304 4049
40505193 4050
46873475 4051
49707322 4052
24326052 4053
22815068 4054
2403537 4055
49446732 4056
49768875 4057
12199006 4058
47878401 4059
5152733 4060
11125091 4061
38216973 4062
13522345 4063
48104974 4064
48985263 4065
22486226 4066
10226942 4067
48612207 4068
38443218 4069
48523975 4070
40358874 4071
49559402 4072
22419008 4073
15198917 4074
28479085 4075
25542494 4076
10389460 4077
5689125 4078
48278090 4079
47659761 4080
49892741 4081
4099036 4082
22132813 4083
4652884 4084
23157279 4085
47472081 4086
4749553 4087
31510442 4088
47532895 4089
30485382 4090
7882084 4091
48209768 4092
6015592 4093
18043162 4094
49004184 4095
49236927 4096
47789822 4097
33264784 4098
41899091 4099
28702687 4100
3856459 4101
30790869 4102
4544250 4103
20344318 4104
39232574 4105
49012036 4106
5381765 4107
15863400 4108
48495894 4109
3853829 4110
35649189 4111
30874653 4112
9897158 4113
12141066 4114
20350843 4115
46090139 4116
40361119 4117
10186726 4118
25168696 4119
40062175 4120
49830582 4121
26785237 4122
48290591 4123
15789415 4124
12894585 4125
17639410 4126
48429266 4127
20346566 4128
13022161 4129
32220168 4130
43101814 4131
41889687 4132
46342471 4133
48081090 4134
35813884 4135
46568235 4136
48055614 4137
33887576 4138
45207819 4139
15601341 4140
21190581 4141
39284350 4142
30500081 4143
11387956 4144
49893455 4145
8197790 4146
2102912 4147
10830874 4148
35556817 4149
12502309 4150
42075847 4151
45832453 4152
26791773 4153
48732317 4154
42308133 4155
11047417 4156
33800407 4157
5441514 4158
47894992 4159
49508441 4160
49534571 4161
33709585 4162
48502788 4163
49177557 4164
35693605 4165
33867250 4166
10769973 4167
45480963 4168
10672140 4169
47963394 4170
48553059 4171
5681054 4172
25305608 4173
19465232 4174
48999242 4175
8208490 4176
33325071 4177
46299361 4178
5946866 4179
48382937 4180
10749363 4181
15109880 4182
48841581 4183
27793511 4184
45926637 4185
47153831 4186
47424271 4187
5868691 4188
25818883 4189
4553257 4190
48472513 4191
33932989 4192
35428948 4193
28011609 4194
40911787 4195
45683184 4196
25953322 4197
48459142 4198
6350885 4199
21604319 4200
30102421 4201
7582674 4202
45717243 4203
4233427 4204
10813900 4205
48828966 4206
49158048 4207
2269548 4208
6672745 4209
35344610 4210
39281909 4211
20374282 4212
38597456 4213
22350873 4214
31665080 4215
34071555 4216
9648711 4217
35348689 4218
22446487 4219
5615126 4220
48318096 4221
22791750 4222
8921772 4223
39113332 4224
34170035 4225
47875473 4226
3988624 4227
16178641 4228
27401644 4229
9523359 4230
37286079 4231
29353641 4232
48194393 4233
48923439 4234
49938257 4235
48321993 4236
2267172 4237
5923972 4238
49846505 4239
6267506 4240
46218519 4241
26979873 4242
47790895 4243
49425132 4244
20543331 4245
41993385 4246
48648117 4247
17083268 4248
35779257 4249
5722321 4250
37788687 4251
18371216 4252
4632081 4253
50016253 4254
46823780 4255
25432611 4256
12228032 4257
36792764 4258
23438409 4259
20732497 4260
48435100 4261
3556212 4262
11097856 4263
47312028 4264
36943653 4265
47499550 4266
39430364 4267
41688100 4268
6850371 4269
49127927 4270
47144346 4271
41711810 4272
47845039 4273
2424659 4274
2057125 4275
47332325 4276
33140055 4277
23207450 4278
33024186 4279
12388054 4280
19137616 4281
49460179 4282
12202065 4283
38453331 4284
47451240 4285
19435345 4286
17902878 4287
7785869 4288
13835970 4289
46976037 4290
37780901 4291
48423726 4292
31983879 4293
12158516 4294
6398525 4295
16257078 4296
48278281 4297
49150696 4298
40954196 4299
47598751 4300
48477701 4301
12991363 4302
10979237 4303
13136511 4304
49798974 4305
49228287 4306
11742665 4307
27202127 4308
7982674 4309
11698021 4310
48846566 4311
47798792 4312
22364914 4313
33229232 4314
48571792 4315
47712135 4316
46933496 4317
42860878 4318
22119776 4319
49562931 4320
45673992 4321
46236851 4322
49221197 4323
29410941 4324
7672289 4325
43111571 4326
5767899 4327
49003317 4328
11163870 4329
20212829 4330
49582917 4331
38561990 4332
49616017 4333
40199654 4334
48570072 4335
13680269 4336
48360447 4337
7948586 4338
48149177 4339
24741827 4340
48573060 4341
4129438 4342
28867585 4343
47789893 4344
48165128 4345
49427566 4346
49121538 4347
28451888 4348
33495117 4349
48687637 4350
34561337 4351
4166131 4352
27234188 4353
30908278 4354
29100489 4355
37067009 4356
24312521 4357
37461456 4358
36974915 4359
35419437 4360
32085184 4361
35542628 4362
4071127 4363
37097014 4364
42817630 4365
49566030 4366
46231160 4367
40696311 4368
22389437 4369
7223848 4370
10389580 4371
7859221 4372
23955395 4373
40361470 4374
46416712 4375
7903337 4376
7241228 4377
4855939 4378
21176527 4379
46411364 4380
49298630 4381
48506736 4382
32535243 4383
32056396 4384
6594749 4385
49110179 4386
47774943 4387
11693759 4388
14156239 4389
3222945 4390
35461004 4391
38378809 4392
48539992 4393
9241512 4394
49729830 4395
47596771 4396
48944104 4397
20236723 4398
47038800 4399
8002450 4400
42049913 4401
42772017 4402
6790379 4403
48223149 4404
47793166 4405
39949066 4406
15555330 4407
48476096 4408
49559072 4409
2696767 4410
19442624 4411
49156040 4412
47598370 4413
2624462 4414
49213342 4415
4377855 4416
45167392 4417
17835736 4418
46989994 4419
49174929 4420
34742102 4421
15567693 4422
46682700 4423
6604965 4424
18241818 4425
7276320 4426
13133776 4427
48515944 4428
47825651 4429
7585664 4430
47009817 4431
2041825 4432
6178383 4433
49701860 4434
38813240 4435
4692771 4436
5143582 4437
27198128 4438
32669510 4439
20248836 4440
25276105 4441
2634902 4442
40420354 4443
29759124 4444
9668678 4445
13812650 4446
8319208 4447
10122905 4448
46881861 4449
19496627 4450
36129843 4451
17414991 4452
16445430 4453
49602385 4454
20985953 4455
33399484 4456
28918076 4457
7632630 4458
20151031 4459
35136523 4460
41730547 4461
9860862 4462
45654535 4463
8382459 4464
12265125 4465
49228653 4466
31829161 4467
4950569 4468
49436746 4469
49681305 4470
46091775 4471
3873307 4472
49240570 4473
11253715 4474
49280917 4475
49723998 4476
26020535 4477
14345010 4478
48394126 4479
31376068 4480
24896692 4481
49664856 4482
47978941 4483
45546467 4484
2603703 4485
13804551 4486
17012234 4487
12637561 4488
11524633 4489
49383618 4490
11259673 4491
4104222 4492
30975833 4493
48159697 4494
13185229 4495
30040086 4496
25915202 4497
42319179 4498
2929132 4499
21076158 4500
27268602 4501
46932741 4502
33627863 4503
32221967 4504
41964949 4505
10747859 4506
49588981 4507
49717049 4508
5198997 4509
20787413 4510
47838403 4511
34795729 4512
10183874 4513
31982369 4514
29448061 4515
49493330 4516
49336669 4517
6370703 4518
4638772 4519
15884165 4520
13831254 4521
18777845 4522
14011620 4523
33361120 4524
25562514 4525
12756178 4526
39925557 4527
5437251 4528
26709690 4529
49004575 4530
49132059 4531
47831059 4532
47985282 4533
49466707 4534
5013572 4535
48779600 4536
41826027 4537
48719137 4538
39619496 4539
10609269 4540
18898792 4541
40573453 4542
1018238 4543
49554015 4544
9254231 4545
31165825 4546
26151275 4547
5378831 4548
38312467 4549
41398201 4550
47164241 4551
31606440 4552
48283811 4553
49616647 4554
42425073 4555
49728510 4556
7363889 4557
5853134 4558
7741787 4559
6974080 4560
49190318 4561
33677086 4562
27028046 4563
5438297 4564
6085083 4565
47852370 4566
17460639 4567
34554153 4568
45503796 4569
5378511 4570
7246212 4571
17827192 4572
17898488 4573
49166026 4574
25328340 4575
49009448 4576
36304331 4577
49735701 4578
21856310 4579
13696170 4580
47579897 4581
47536164 4582
10382156 4583
3508313 4584
32157086 4585
48281393 4586
7637252 4587
40249632 4588
15073892 4589
19695643 4590
48412490 4591
48535392 4592
30626205 4593
24593603 4594
5538866 4595
47497447 4596
48035015 4597
19012111 4598
15991771 4599
16264993 4600
2133993 4601
35168775 4602
49727199 4603
40676110 4604
35623684 4605
46361021 4606
48925239 4607
42648910 4608
49876115 4609
47711240 4610
11124232 4611
25149490 4612
49233225 4613
39557893 4614
30180335 4615
5972979 4616
40594223 4617
48727367 4618
48841084 4619
18889137 4620
40389000 4621
49365491 4622
45797854 4623
37175949 4624
42542702 4625
8466151 4626
20450673 4627
49730146 4628
17320386 4629
5403445 4630
49360910 4631
2892596 4632
49844951 4633
49436724 4634
10162154 4635
49175389 4636
40292064 4637
20856644 4638
39122116 4639
47674644 4640
15096941 4641
6819337 4642
12403658 4643
48409195 4644
41500776 4645
8203547 4646
38256778 4647
14044135 4648
9729936 4649
4638219 4650
19082850 4651
48426052 4652
49490617 4653
49497194 4654
6743824 4655
47457073 4656
24042971 4657
46837056 4658
21790269 4659
9152314 4660
28801162 4661
14357086 4662
3692142 4663
46448527 4664
9347349 4665
14463175 4666
45817736 4667
47481318 4668
49418593 4669
48438059 4670
25669230 4671
12053497 4672
17447548 4673
29424993 4674
28450559 4675
3866998 4676
2323992 4677
47566172 4678
8872803 4679
3320439 4680
30433960 4681
21611472 4682
29289220 4683
29775456 4684
33619196 4685
5647487 4686
48719829 4687
46953126 4688
46381663 4689
3298825 4690
2053829 4691
31368494 4692
6125636 4693
6865435 4694
47563551 4695
49640370 4696
11663784 4697
21532716 4698
49273062 4699
31093635 4700
49630182 4701
46846688 4702
18400806 4703
32596433 4704
5276967 4705
40790905 4706
19946172 4707
48979056 4708
45219109 4709
37779628 4710
23296751 4711
19311431 4712
39304579 4713
6134021 4714
41566780 4715
31876109 4716
31225535 4717
47371229 4718
21703458 4719
49285892 4720
6116143 4721
35765003 4722
10590659 4723
48376674 4724
26915730 4725
11367092 4726
49084559 4727
48904256 4728
48508223 4729
49600403 4730
49146997 4731
48921914 4732
32040613 4733
46969310 4734
3794286 4735
41673126 4736
12714544 4737
6106411 4738
49325977 4739
7363441 4740
45506029 4741
47219124 4742
21636491 4743
17165992 4744
14003507 4745
39250076 4746
7821721 4747
7786752 4748
49684097 4749
47888377 4750
13208011 4751
39886281 4752
39422520 4753
49985349 4754
45464362 4755
41258423 4756
28487433 4757
46257427 4758
38627845 4759
46782369 4760
5994827 4761
45228549 4762
49696782 4763
47769684 4764
13092224 4765
46299435 4766
47080286 4767
47516555 4768
49455102 4769
48976260 4770
12495931 4771
41921136 4772
47810752 4773
47691837 4774
14117770 4775
49930612 4776
26305171 4777
3548235 4778
8451831 4779
27357258 4780
40662119 4781
48302787 4782
49035182 4783
30599316 4784
8988190 4785
2657881 4786
20897514 4787
6967454 4788
45780244 4789
6145830 4790
48999908 4791
9109328 4792
49863180 4793
40639896 4794
20227296 4795
47175333 4796
47987331 4797
38485536 4798
50004134 4799
38667165 4800
5044669 4801
47325322 4802
42191762 4803
48677943 4804
41875235 4805
36329166 4806
42843140 4807
50004838 4808
50000283 4809
5621801 4810
30199487 4811
46758678 4812
48634380 4813
47843913 4814
49644638 4815
17855069 4816
46000498 4817
3613220 4818
32756999 4819
31132106 4820
47887721 4821
5696458 4822
7227843 4823
3000517 4824
35412678 4825
40701571 4826
3691327 4827
48279364 4828
32158267 4829
48854686 4830
49663867 4831
4379489 4832
36021816 4833
46050960 4834
47245705 4835
12774443 4836
37417467 4837
49236990 4838
48496950 4839
38375381 4840
5485015 4841
47616011 4842
48556827 4843
30522222 4844
48589758 4845
46840209 4846
28082596 4847
49243203 4848
31406666 4849
42714973 4850
4351861 4851
48770676 4852
47223952 4853
2873889 4854
27532086 4855
22716314 4856
11908520 4857
41706218 4858
3522596 4859
24257008 4860
47356516 4861
49646421 4862
49435257 4863
8007321 4864
49384954 4865
47712013 4866
4966889 4867
7079619 4868
47578625 4869
49063902 4870
34150055 4871
28502721 4872
11359996 4873
21370283 4874
29559489 4875
48078250 4876
47692252 4877
32540421 4878
33365002 4879
42776389 4880
15437821 4881
49619628 4882
10036576 4883
2447914 4884
7878111 4885
31910575 4886
4338716 4887
20977821 4888
35559342 4889
48164096 4890
34840604 4891
49140918 4892
48401033 4893
28438406 4894
29990282 4895
17677429 4896
47782861 4897
21242084 4898
18289584 4899
16534913 4900
48069855 4901
17045828 4902
38571812 4903
30121167 4904
18934522 4905
40841935 4906
49127983 4907
47169242 4908
7683728 4909
35570166 4910
23444839 4911
29348024 4912
20355221 4913
16867613 4914
46966179 4915
13965125 4916
37066459 4917
42751968 4918
10128454 4919
10608954 4920
49724886 4921
21786921 4922
47136680 4923
48876613 4924
19222094 4925
47813568 4926
45348150 4927
45524602 4928
19267286 4929
21694065 4930
11969877 4931
33955706 4932
3730800 4933
21886655 4934
22674160 4935
46149174 4936
41182788 4937
18698664 4938
19875265 4939
21598206 4940
49420874 4941
32511228 4942
48534921 4943
19685253 4944
5309752 4945
49993921 4946
41129465 4947
48465611 4948
37836584 4949
6372480 4950
21647288 4951
19924094 4952
23300545 4953
27545174 4954
50011310 4955
28701083 4956
32700276 4957
47805328 4958
39244717 4959
32853371 4960
46972330 4961
47851790 4962
47672143 4963
2940193 4964
2790266 4965
4275833 4966
47917378 4967
47505954 4968
15780914 4969
48525087 4970
46478451 4971
48613553 4972
8839323 4973
38725805 4974
41535597 4975
4728341 4976
13859766 4977
42575667 4978
13219106 4979
23755194 4980
34354530 4981
13633526 4982
48403484 4983
48448171 4984
34583103 4985
35322644 4986
3401787 4987
12062539 4988
4485329 4989
23458722 4990
46840567 4991
17597728 4992
5744254 4993
46811039 4994
11556547 4995
17555320 4996
46166036 4997
40544917 4998
2029164 4999
47917544 5000
38519373 5001
42456935 5002
29324916 5003
14259260 5004
27015182 5005
7041222 5006
36806995 5007
21879258 5008
24936477 5009
4140416 5010
48446036 5011
47074902 5012
35277803 5013
49738340 5014
25212660 5015
48756396 5016
12828499 5017
48427465 5018
13966381 5019
9483306 5020
34562624 5021
3003572 5022
48730822 5023
49673616 5024
48038692 5025
3885189 5026
40895126 5027
46494343 5028
3286250 5029
4993737 5030
49332265 5031
21586380 5032
21007142 5033
49260079 5034
3476053 5035
25853085 5036
7729529 5037
32531485 5038
20608717 5039
29531907 5040
48590299 5041
16324746 5042
25835363 5043
26614385 5044
47265374 5045
38251548 5046
45739891 5047
48408516 5048
22690481 5049
26432309 5050
7370312 5051
40889423 5052
11233764 5053
46866888 5054
6217786 5055
15127624 5056
49170651 5057
33265964 5058
8041511 5059
19970483 5060
2797347 5061
16855571 5062
2401202 5063
34406139 5064
17169756 5065
21715756 5066
41034592 5067
49359823 5068
25024795 5069
5288041 5070
21581842 5071
28155494 5072
30487639 5073
9673676 5074
29650202 5075
41794910 5076
45201211 5077
15937257 5078
42969299 5079
49669267 5080
48100170 5081
20138419 5082
46723379 5083
40971835 5084
49765902 5085
49342505 5086
9096644 5087
35229968 5088
23493660 5089
33987552 5090
25575113 5091
4965773 5092
49265448 5093
16524280 5094
24544739 5095
47712820 5096
49565197 5097
6593028 5098
36411587 5099
4903122 5100
6297363 5101
20492794 5102
49266790 5103
41661799 5104
46647368 5105
20910732 5106
48333003 5107
36855075 5108
19801357 5109
49430807 5110
14779565 5111
30583531 5112
20981390 5113
5694712 5114
7078202 5115
21225492 5116
47937096 5117
49530738 5118
19563211 5119
48060442 5120
10397531 5121
5716374 5122
30877668 5123
48524373 5124
20218141 5125
40758769 5126
31758136 5127
10978872 5128
14720127 5129
47611699 5130
48902931 5131
49491503 5132
38344182 5133
42862528 5134
27174921 5135
8859093 5136
24225410 5137
47755775 5138
48676935 5139
46999822 5140
38021222 5141
46826163 5142
46162059 5143
2707281 5144
49661929 5145
49919204 5146
42485435 5147
29756181 5148
9465158 5149
49833864 5150
49934928 5151
12475485 5152
34436344 5153
5480421 5154
33706333 5155
3039347 5156
37896150 5157
39603591 5158
40057053 5159
18177972 5160
8322125 5161
11979721 5162
48333502 5163
27312692 5164
15110380 5165
48331471 5166
49464885 5167
46498313 5168
24733896 5169
22866290 5170
35167222 5171
49615287 5172
49355756 5173
26411490 5174
18819522 5175
22362728 5176
2607655 5177
5040506 5178
47563505 5179
2247616 5180
45713184 5181
18133290 5182
5471732 5183
28673526 5184
49814573 5185
48918177 5186
30512055 5187
5771893 5188
19235604 5189
7182974 5190
5620061 5191
2467000 5192
48075566 5193
48639334 5194
19678827 5195
40201894 5196
40955215 5197
49703140 5198
35432834 5199
48607307 5200
49225878 5201
26416351 5202
3388483 5203
27122875 5204
16900144 5205
46063290 5206
2996013 5207
12355404 5208
37724774 5209
49512348 5210
16450675 5211
35362363 5212
23874520 5213
49773756 5214
35514248 5215
39436040 5216
8597500 5217
37321070 5218
4928744 5219
21275758 5220
46867872 5221
5029193 5222
47960513 5223
42883870 5224
35810568 5225
48753814 5226
19320980 5227
27263431 5228
39386669 5229
4337066 5230
46448483 5231
48884819 5232
49677817 5233
17834188 5234
47863668 5235
49486319 5236
8931628 5237
49676174 5238
17539378 5239
33818117 5240
49215080 5241
8924716 5242
29494177 5243
34178183 5244
35657619 5245
49329944 5246
11802263 5247
47204887 5248
19225124 5249
16706167 5250
49505534 5251
49693874 5252
9657815 5253
10296268 5254
33247062 5255
5342488 5256
47701361 5257
19324414 5258
31887197 5259
36862085 5260
18930633 5261
4234911 5262
3597881 5263
47702169 5264
49693826 5265
7735445 5266
8105166 5267
35723169 5268
32656567 5269
35326735 5270
49238936 5271
13188572 5272
41934239 5273
2600145 5274
19934995 5275
36527611 5276
48475252 5277
40234487 5278
19995808 5279
48852488 5280
48554423 5281
5860032 5282
48797509 5283
5535572 5284
26016446 5285
48938667 5286
41206742 5287
2658791 5288
48237899 5289
37652806 5290
14668729 5291
16540339 5292
46818880 5293
40796941 5294
49503323 5295
20440215 5296
36775039 5297
42992845 5298
28861602 5299
46105958 5300
49498483 5301
49133277 5302
26802060 5303
15911643 5304
20647611 5305
48413469 5306
11996869 5307
39772723 5308
34728490 5309
48663561 5310
12080034 5311
46293357 5312
49398010 5313
38439896 5314
47639099 5315
49057733 5316
8455405 5317
49794147 5318
17983424 5319
10232225 5320
22118326 5321
10741134 5322
13690168 5323
45511629 5324
49566306 5325
39719713 5326
49710381 5327
40760218 5328
49472763 5329
8361075 5330
18231713 5331
39385212 5332
48361257 5333
9774266 5334
29839077 5335
48455254 5336
32087836 5337
5325595 5338
13153866 5339
34632929 5340
10676246 5341
8151449 5342
12220213 5343
10330392 5344
48597161 5345
49379761 5346
3566051 5347
39090423 5348
11972358 5349
42309553 5350
16567183 5351
48487221 5352
15774142 5353
32491301 5354
34524614 5355
3337513 5356
22222908 5357
12904107 5358
12795907 5359
48472066 5360
23886810 5361
47595076 5362
37336394 5363
21678901 5364
10458428 5365
42326116 5366
48464641 5367
20986093 5368
36834228 5369
47235168 5370
34815848 5371
49107560 5372
49144014 5373
21346057 5374
9520284 5375
38211874 5376
6183326 5377
30656182 5378
5325405 5379
1034770 5380
5551994 5381
49087263 5382
46867527 5383
16002829 5384
4779376 5385
47905268 5386
39770454 5387
18830788 5388
6536261 5389
10856288 5390
49018512 5391
18946663 5392
10565436 5393
8799717 5394
32604414 5395
49214644 5396
20612857 5397
48555105 5398
14317551 5399
36162573 5400
47541737 5401
37444549 5402
9212809 5403
29731190 5404
47150729 5405
39602659 5406
10817287 5407
6482138 5408
19079082 5409
48304165 5410
34008807 5411
9035146 5412
41212995 5413
46349913 5414
49764866 5415
28862629 5416
45565950 5417
19178689 5418
22558890 5419
3571331 5420
41510640 5421
22471927 5422
48292360 5423
34527620 5424
49450192 5425
45917483 5426
49720388 5427
11636793 5428
8744453 5429
8578735 5430
45183037 5431
2711673 5432
49525472 5433
49435290 5434
32958122 5435
21783133 5436
49685548 5437
2070277 5438
37761110 5439
7126862 5440
49441844 5441
2985467 5442
49712764 5443
17512081 5444
3683896 5445
33897301 5446
18614966 5447
10976554 5448
7336151 5449
10593362 5450
3720296 5451
36551295 5452
46790071 5453
26918081 5454
49676408 5455
48377614 5456
47558362 5457
46727906 5458
34433912 5459
49697741 5460
39310320 5461
7571797 5462
39661005 5463
47355372 5464
48318005 5465
15369176 5466
2243763 5467
6502943 5468
3078076 5469
49596237 5470
49880227 5471
47243763 5472
10236892 5473
36807754 5474
20795609 5475
16854950 5476
39792907 5477
22622413 5478
7471126 5479
47004911 5480
47180148 5481
47198679 5482
49007928 5483
39251959 5484
13927688 5485
48648055 5486
45201135 5487
48300218 5488
22753739 5489
3119640 5490
48464020 5491
47903461 5492
48844313 5493
25655289 5494
39654147 5495
7448274 5496
11062714 5497
49555156 5498
48982904 5499
8429866 5500
48633901 5501
49004970 5502
3501545 5503
45590562 5504
16885603 5505
49240757 5506
15215834 5507
14668270 5508
49129173 5509
7944284 5510
49282797 5511
45733726 5512
37774217 5513
28957049 5514
45494411 5515
4414497 5516
18737523 5517
47052665 5518
48034851 5519
46445791 5520
2762863 5521
47898027 5522
34135963 5523
46238681 5524
16819989 5525
8369061 5526
2501614 5527
10881034 5528
36970622 5529
48233583 5530
48249312 5531
30258254 5532
7359024 5533
41754451 5534
10493181 5535
26852269 5536
3822486 5537
49544942 5538
6323396 5539
49654766 5540
10639174 5541
29836060 5542
42941352 5543
32160491 5544
31486139 5545
29973410 5546
14263948 5547
47983758 5548
5959467 5549
17076119 5550
10147568 5551
27491509 5552
29996948 5553
50073833 5554
3341302 5555
17109328 5556
40277448 5557
49254343 5558
42244094 5559
47229468 5560
6611806 5561
10705253 5562
49621783 5563
45270604 5564
15757162 5565
31455309 5566
10301546 5567
49334161 5568
49724790 5569
50049871 5570
47478187 5571
23602769 5572
49581697 5573
18093981 5574
47492099 5575
4739614 5576
11429467 5577
12193340 5578
6623549 5579
48435371 5580
2019942 5581
10301916 5582
38546465 5583
49619681 5584
30241703 5585
22502714 5586
5751335 5587
33589359 5588
36144491 5589
31446942 5590
40106825 5591
8841129 5592
22121618 5593
26268979 5594
28784490 5595
11574074 5596
49387169 5597
33090327 5598
46910412 5599
28312268 5600
16601817 5601
49346927 5602
31445873 5603
7403675 5604
46897313 5605
5421398 5606
10349146 5607
3530514 5608
37041003 5609
42527862 5610
48888172 5611
33654589 5612
45553374 5613
10914944 5614
8347537 5615
4603545 5616
7386648 5617
30300851 5618
49553218 5619
24305731 5620
2554924 5621
48653897 5622
12383526 5623
10009482 5624
2346667 5625
18418358 5626
5001428 5627
1045706 5628
45619691 5629
9272315 5630
26503659 5631
47134926 5632
33879916 5633
46607335 5634
3437038 5635
47631395 5636
40765901 5637
6449118 5638
14560765 5639
11081219 5640
43011588 5641
22308692 5642
22278563 5643
5229689 5644
28050253 5645
39864535 5646
21890336 5647
48617216 5648
16729038 5649
29249372 5650
24835325 5651
49251092 5652
42726746 5653
8446249 5654
38127645 5655
17844661 5656
9047116 5657
11740438 5658
42770128 5659
14607513 5660
24534956 5661
8327202 5662
37273741 5663
47644214 5664
14460061 5665
47566903 5666
48514270 5667
47363417 5668
48884144 5669
49238558 5670
5049899 5671
49434665 5672
28921931 5673
6219607 5674
40156233 5675
48971676 5676
11157202 5677
33269767 5678
46587851 5679
2355387 5680
45152096 5681
35410151 5682
48469001 5683
49098491 5684
4942374 5685
13021000 5686
19526805 5687
49844258 5688
48795724 5689
29455328 5690
32530838 5691
19944054 5692
48821674 5693
49093237 5694
48024561 5695
38286088 5696
48369721 5697
7617990 5698
25463918 5699
2228616 5700
41313880 5701
48817765 5702
20333951 5703
46631710 5704
35243373 5705
48496190 5706
46638964 5707
6811728 5708
48383785 5709
12193660 5710
6391083 5711
35601651 5712
7847264 5713
39722224 5714
6032198 5715
12213992 5716
36902892 5717
40724550 5718
48202005 5719
30639526 5720
35532977 5721
49105837 5722
49759834 5723
47415135 5724
11508409 5725
27892698 5726
7681751 5727
47608315 5728
41974499 5729
33885777 5730
42728935 5731
4966882 5732
30452897 5733
33711010 5734
31128555 5735
49891770 5736
5461299 5737
4816175 5738
11164940 5739
22727524 5740
8484256 5741
48949584 5742
35545702 5743
14241663 5744
48462065 5745
34197445 5746
49405084 5747
49576886 5748
12881692 5749
35698662 5750
37993878 5751
6928897 5752
47409142 5753
35727485 5754
36730863 5755
14348882 5756
9598284 5757
14220745 5758
3040688 5759
9929612 5760
9716135 5761
32617821 5762
27962563 5763
2814510 5764
47725619 5765
45237902 5766
39525678 5767
4357408 5768
3025499 5769
5963901 5770
33554628 5771
10992247 5772
26352434 5773
2744405 5774
3990220 5775
28235129 5776
48535663 5777
48205751 5778
24904605 5779
48529485 5780
3323587 5781
24681048 5782
47441370 5783
7333093 5784
49873960 5785
13784523 5786
23361955 5787
47626490 5788
28068617 5789
24728576 5790
49745777 5791
21369883 5792
8889471 5793
49293377 5794
48352268 5795
48933079 5796
31672927 5797
39314749 5798
19677447 5799
40039580 5800
48377448 5801
7762750 5802
42268400 5803
2254961 5804
5938106 5805
35056868 5806
38695902 5807
6617153 5808
49715691 5809
45919814 5810
49832492 5811
48951170 5812
49582072 5813
10833581 5814
41609116 5815
47134875 5816
29558954 5817
37243525 5818
5587135 5819
6271994 5820
49128210 5821
37117854 5822
20649694 5823
40341782 5824
39677294 5825
11831538 5826
47938414 5827
3746297 5828
8206405 5829
38263423 5830
2177008 5831
48299089 5832
49437717 5833
29325892 5834
20613424 5835
46807963 5836
13629759 5837
16314000 5838
49186083 5839
13160335 5840
31034016 5841
9693399 5842
7114318 5843
48255118 5844
49748343 5845
38485381 5846
48516399 5847
38965061 5848
48520258 5849
29694742 5850
48917270 5851
49073122 5852
10398571 5853
25975255 5854
34197537 5855
9137551 5856
47406175 5857
49324324 5858
12234664 5859
39562758 5860
48781997 5861
45285749 5862
48911133 5863
47234905 5864
19388957 5865
48036341 5866
7830765 5867
20662319 5868
26347853 5869
32028585 5870
26826496 5871
11924457 5872
28569288 5873
21146214 5874
48397012 5875
36122771 5876
42538707 5877
48580238 5878
16858244 5879
25409412 5880
14953139 5881
40192057 5882
24387970 5883
41604146 5884
11795291 5885
9731180 5886
46954635 5887
25104439 5888
18218935 5889
5707780 5890
12822040 5891
29593237 5892
38229464 5893
49440269 5894
49198838 5895
8413250 5896
24309029 5897
48882749 5898
2801960 5899
48648506 5900
47682630 5901
23639584 5902
39378836 5903
41995160 5904
34884049 5905
3008477 5906
21656482 5907
41672927 5908
19840309 5909
35974438 5910
6877725 5911
7375551 5912
18758486 5913
48579399 5914
8927898 5915
48055727 5916
35312453 5917
14695449 5918
9184511 5919
8859458 5920
19126357 5921
49122055 5922
45165513 5923
25543299 5924
42656545 5925
48172729 5926
41947765 5927
40018706 5928
16955266 5929
31492475 5930
26640341 5931
25770577 5932
46193418 5933
39433979 5934
42264919 5935
48806955 5936
28557429 5937
48516792 5938
25696157 5939
21148886 5940
