2	0
3	1
4	2
5	3
6	4
7	5
8	6
10	7
11	8
12	9
13	10
14	11
15	12
16	13
17	14
18	15
19	16
20	17
21	18
22	19
23	20
24	21
25	22
26	23
27	24
28	25
29	26
30	27
31	28
32	29
34	30
35	31
36	32
38	33
39	34
40	35
41	36
42	37
43	38
44	39
45	40
46	41
47	42
48	43
49	44
50	45
52	46
53	47
54	48
55	49
57	50
60	51
61	52
62	53
63	54
64	55
65	56
66	57
68	58
69	59
70	60
71	61
72	62
74	63
75	64
76	65
78	66
79	67
81	68
82	69
84	70
86	71
87	72
88	73
89	74
90	75
92	76
93	77
94	78
95	79
96	80
98	81
99	82
100	83
101	84
102	85
103	86
104	87
105	88
107	89
108	90
110	91
111	92
113	93
114	94
115	95
116	96
117	97
118	98
119	99
121	100
122	101
125	102
126	103
129	104
131	105
132	106
135	107
137	108
141	109
143	110
144	111
145	112
146	113
147	114
148	115
149	116
150	117
151	118
152	119
153	120
154	121
155	122
156	123
157	124
158	125
159	126
160	127
161	128
162	129
163	130
164	131
165	132
166	133
167	134
168	135
169	136
170	137
171	138
172	139
173	140
174	141
175	142
176	143
177	144
178	145
179	146
180	147
181	148
182	149
183	150
184	151
185	152
186	153
187	154
188	155
189	156
190	157
191	158
193	159
194	160
195	161
196	162
197	163
198	164
199	165
200	166
201	167
202	168
203	169
204	170
205	171
206	172
207	173
208	174
209	175
211	176
212	177
213	178
215	179
216	180
217	181
218	182
219	183
220	184
222	185
223	186
224	187
225	188
227	189
228	190
229	191
230	192
231	193
233	194
234	195
235	196
236	197
237	198
238	199
239	200
240	201
241	202
242	203
243	204
244	205
245	206
246	207
247	208
248	209
249	210
250	211
251	212
252	213
253	214
254	215
255	216
256	217
257	218
258	219
259	220
260	221
261	222
263	223
265	224
266	225
267	226
268	227
270	228
271	229
272	230
273	231
274	232
275	233
276	234
277	235
278	236
279	237
280	238
281	239
282	240
283	241
288	242
289	243
290	244
291	245
292	246
294	247
295	248
296	249
297	250
298	251
299	252
300	253
301	254
303	255
304	256
306	257
307	258
308	259
309	260
310	261
312	262
313	263
314	264
315	265
316	266
317	267
318	268
319	269
320	270
322	271
324	272
325	273
326	274
327	275
328	276
329	277
330	278
331	279
332	280
333	281
334	282
335	283
336	284
337	285
338	286
340	287
341	288
342	289
343	290
344	291
345	292
346	293
347	294
348	295
349	296
350	297
351	298
352	299
353	300
354	301
355	302
356	303
357	304
358	305
359	306
361	307
364	308
365	309
366	310
367	311
368	312
369	313
371	314
372	315
373	316
374	317
375	318
376	319
377	320
378	321
379	322
380	323
381	324
382	325
383	326
384	327
385	328
386	329
387	330
388	331
390	332
391	333
392	334
393	335
394	336
399	337
400	338
405	339
407	340
408	341
409	342
410	343
411	344
412	345
413	346
414	347
415	348
416	349
417	350
418	351
419	352
420	353
421	354
422	355
423	356
424	357
425	358
426	359
427	360
428	361
429	362
431	363
432	364
433	365
434	366
435	367
436	368
438	369
440	370
442	371
443	372
444	373
445	374
446	375
447	376
448	377
449	378
450	379
451	380
452	381
453	382
454	383
455	384
456	385
457	386
458	387
459	388
460	389
461	390
462	391
463	392
464	393
465	394
466	395
467	396
468	397
469	398
470	399
471	400
472	401
473	402
474	403
476	404
477	405
478	406
479	407
480	408
481	409
482	410
483	411
484	412
485	413
486	414
487	415
488	416
489	417
490	418
491	419
492	420
493	421
494	422
495	423
496	424
497	425
498	426
499	427
500	428
501	429
502	430
503	431
504	432
505	433
506	434
507	435
508	436
509	437
510	438
511	439
513	440
514	441
515	442
516	443
517	444
518	445
519	446
520	447
521	448
522	449
523	450
524	451
525	452
527	453
528	454
529	455
531	456
532	457
533	458
535	459
536	460
537	461
538	462
539	463
540	464
541	465
542	466
543	467
544	468
546	469
547	470
548	471
549	472
550	473
551	474
552	475
554	476
555	477
556	478
558	479
559	480
562	481
563	482
564	483
565	484
566	485
567	486
568	487
569	488
574	489
575	490
577	491
580	492
581	493
583	494
585	495
586	496
587	497
588	498
589	499
590	500
592	501
593	502
594	503
595	504
596	505
597	506
599	507
600	508
602	509
603	510
604	511
605	512
606	513
609	514
610	515
611	516
612	517
613	518
614	519
615	520
616	521
618	522
621	523
626	524
627	525
628	526
629	527
630	528
631	529
633	530
635	531
636	532
637	533
638	534
639	535
640	536
645	537
647	538
648	539
650	540
653	541
656	542
659	543
661	544
662	545
663	546
664	547
665	548
667	549
668	550
671	551
673	552
674	553
676	554
680	555
685	556
688	557
691	558
692	559
694	560
695	561
697	562
698	563
700	564
702	565
704	566
707	567
708	568
709	569
710	570
711	571
714	572
716	573
718	574
719	575
720	576
724	577
725	578
728	579
731	580
732	581
733	582
736	583
737	584
742	585
743	586
745	587
746	588
747	589
748	590
750	591
751	592
752	593
753	594
754	595
755	596
759	597
760	598
761	599
762	600
764	601
765	602
766	603
767	604
777	605
778	606
779	607
781	608
782	609
783	610
784	611
785	612
786	613
788	614
798	615
799	616
800	617
801	618
802	619
803	620
804	621
805	622
806	623
808	624
809	625
810	626
813	627
815	628
816	629
818	630
822	631
824	632
828	633
829	634
830	635
831	636
832	637
833	638
835	639
836	640
837	641
838	642
839	643
840	644
841	645
842	646
846	647
848	648
849	649
850	650
851	651
852	652
858	653
860	654
861	655
862	656
864	657
867	658
869	659
870	660
873	661
875	662
877	663
879	664
880	665
881	666
882	667
885	668
886	669
888	670
891	671
892	672
893	673
894	674
896	675
897	676
898	677
899	678
900	679
901	680
902	681
903	682
904	683
905	684
907	685
908	686
909	687
910	688
912	689
913	690
914	691
915	692
916	693
918	694
919	695
920	696
921	697
923	698
924	699
925	700
926	701
927	702
928	703
929	704
930	705
931	706
932	707
933	708
934	709
935	710
936	711
937	712
938	713
939	714
940	715
942	716
943	717
944	718
945	719
948	720
949	721
950	722
952	723
953	724
954	725
955	726
957	727
967	728
968	729
969	730
971	731
979	732
980	733
982	734
983	735
984	736
986	737
987	738
988	739
990	740
991	741
992	742
993	743
994	744
996	745
997	746
998	747
999	748
1000	749
1002	750
1003	751
1004	752
1005	753
1006	754
1007	755
1008	756
1009	757
1010	758
1011	759
1012	760
1013	761
1015	762
1016	763
1017	764
1018	765
1020	766
1021	767
1022	768
1023	769
1024	770
1025	771
1026	772
1027	773
1028	774
1029	775
1030	776
1031	777
1032	778
1033	779
1034	780
1035	781
1036	782
1037	783
1038	784
1040	785
1041	786
1042	787
1043	788
1044	789
1045	790
1046	791
1047	792
1049	793
1050	794
1051	795
1052	796
1053	797
1054	798
1055	799
1056	800
1057	801
1060	802
1061	803
1063	804
1064	805
1065	806
1066	807
1067	808
1068	809
1069	810
1071	811
1076	812
1077	813
1078	814
1079	815
1080	816
1081	817
1082	818
1083	819
1084	820
1085	821
1086	822
1087	823
1088	824
1089	825
1090	826
1091	827
1092	828
1093	829
1094	830
1095	831
1096	832
1097	833
1099	834
1100	835
1101	836
1103	837
1104	838
1105	839
1111	840
1112	841
1113	842
1114	843
1119	844
1120	845
1121	846
1124	847
1125	848
1126	849
1127	850
1128	851
1129	852
1130	853
1131	854
1132	855
1135	856
1136	857
1137	858
1140	859
1141	860
1143	861
1147	862
1148	863
1151	864
1153	865
1157	866
1160	867
1162	868
1163	869
1164	870
1167	871
1168	872
1169	873
1170	874
1171	875
1172	876
1173	877
1174	878
1175	879
1177	880
1178	881
1179	882
1181	883
1183	884
1184	885
1185	886
1186	887
1187	888
1188	889
1189	890
1190	891
1191	892
1192	893
1193	894
1194	895
1196	896
1197	897
1198	898
1199	899
1200	900
1201	901
1202	902
1203	903
1204	904
1206	905
1207	906
1208	907
1209	908
1210	909
1212	910
1213	911
1214	912
1215	913
1217	914
1219	915
1220	916
1221	917
1222	918
1223	919
1224	920
1225	921
1226	922
1227	923
1228	924
1230	925
1231	926
1232	927
1234	928
1235	929
1236	930
1238	931
1240	932
1241	933
1242	934
1244	935
1245	936
1246	937
1247	938
1248	939
1250	940
1252	941
1253	942
1254	943
1255	944
1256	945
1257	946
1258	947
1259	948
1261	949
1262	950
1263	951
1264	952
1265	953
1266	954
1267	955
1268	956
1269	957
1270	958
1271	959
1272	960
1273	961
1274	962
1275	963
1276	964
1278	965
1279	966
1280	967
1281	968
1282	969
1283	970
1284	971
1285	972
1286	973
1287	974
1288	975
1289	976
1290	977
1291	978
1292	979
1293	980
1295	981
1296	982
1297	983
1299	984
1300	985
1301	986
1302	987
1303	988
1304	989
1305	990
1306	991
1307	992
1309	993
1310	994
1311	995
1313	996
1314	997
1317	998
1318	999
1321	1000
1322	1001
1323	1002
1324	1003
1325	1004
1326	1005
1327	1006
1328	1007
1329	1008
1330	1009
1331	1010
1332	1011
1333	1012
1334	1013
1335	1014
1336	1015
1337	1016
1339	1017
1340	1018
1341	1019
1342	1020
1343	1021
1344	1022
1345	1023
1346	1024
1347	1025
1348	1026
1350	1027
1351	1028
1352	1029
1353	1030
1354	1031
1355	1032
1356	1033
1357	1034
1358	1035
1359	1036
1361	1037
1363	1038
1365	1039
1366	1040
1367	1041
1370	1042
1371	1043
1372	1044
1373	1045
1374	1046
1375	1047
1376	1048
1377	1049
1378	1050
1379	1051
1380	1052
1381	1053
1382	1054
1383	1055
1385	1056
1387	1057
1388	1058
1389	1059
1390	1060
1391	1061
1392	1062
1393	1063
1394	1064
1395	1065
1397	1066
1398	1067
1399	1068
1401	1069
1404	1070
1405	1071
1407	1072
1408	1073
1409	1074
1410	1075
1411	1076
1412	1077
1413	1078
1414	1079
1416	1080
1417	1081
1419	1082
1420	1083
1422	1084
1424	1085
1425	1086
1426	1087
1427	1088
1428	1089
1431	1090
1432	1091
1433	1092
1437	1093
1438	1094
1439	1095
1440	1096
1441	1097
1442	1098
1445	1099
1446	1100
1447	1101
1449	1102
1453	1103
1454	1104
1455	1105
1456	1106
1457	1107
1458	1108
1459	1109
1460	1110
1461	1111
1463	1112
1464	1113
1465	1114
1466	1115
1468	1116
1471	1117
1472	1118
1473	1119
1475	1120
1476	1121
1477	1122
1479	1123
1480	1124
1482	1125
1483	1126
1484	1127
1485	1128
1486	1129
1487	1130
1488	1131
1489	1132
1490	1133
1493	1134
1495	1135
1496	1136
1497	1137
1498	1138
1499	1139
1500	1140
1501	1141
1502	1142
1503	1143
1504	1144
1507	1145
1508	1146
1509	1147
1511	1148
1513	1149
1515	1150
1516	1151
1517	1152
1518	1153
1519	1154
1520	1155
1522	1156
1523	1157
1524	1158
1525	1159
1526	1160
1527	1161
1529	1162
1535	1163
1538	1164
1539	1165
1541	1166
1542	1167
1543	1168
1544	1169
1545	1170
1546	1171
1547	1172
1550	1173
1551	1174
1552	1175
1554	1176
1556	1177
1557	1178
1562	1179
1563	1180
1564	1181
1565	1182
1566	1183
1567	1184
1568	1185
1569	1186
1570	1187
1573	1188
1574	1189
1575	1190
1577	1191
1580	1192
1581	1193
1582	1194
1583	1195
1584	1196
1585	1197
1586	1198
1587	1199
1588	1200
1589	1201
1590	1202
1591	1203
1592	1204
1593	1205
1594	1206
1595	1207
1596	1208
1597	1209
1598	1210
1599	1211
1600	1212
1601	1213
1602	1214
1603	1215
1604	1216
1605	1217
1606	1218
1608	1219
1609	1220
1610	1221
1611	1222
1612	1223
1613	1224
1616	1225
1617	1226
1619	1227
1620	1228
1621	1229
1623	1230
1624	1231
1625	1232
1626	1233
1627	1234
1628	1235
1629	1236
1631	1237
1632	1238
1633	1239
1635	1240
1636	1241
1639	1242
1640	1243
1641	1244
1643	1245
1644	1246
1645	1247
1646	1248
1647	1249
1648	1250
1649	1251
1650	1252
1651	1253
1653	1254
1654	1255
1655	1256
1656	1257
1657	1258
1658	1259
1659	1260
1660	1261
1661	1262
1662	1263
1663	1264
1665	1265
1666	1266
1667	1267
1668	1268
1669	1269
1670	1270
1671	1271
1672	1272
1673	1273
1674	1274
1675	1275
1676	1276
1677	1277
1678	1278
1679	1279
1680	1280
1681	1281
1682	1282
1683	1283
1685	1284
1686	1285
1687	1286
1688	1287
1689	1288
1690	1289
1693	1290
1694	1291
1695	1292
1696	1293
1698	1294
1701	1295
1702	1296
1703	1297
1704	1298
1705	1299
1707	1300
1711	1301
1713	1302
1715	1303
1717	1304
1718	1305
1719	1306
1721	1307
1722	1308
1723	1309
1726	1310
1727	1311
1728	1312
1729	1313
1730	1314
1731	1315
1732	1316
1733	1317
1734	1318
1735	1319
1739	1320
1742	1321
1744	1322
1746	1323
1747	1324
1748	1325
1749	1326
1750	1327
1752	1328
1753	1329
1754	1330
1755	1331
1756	1332
1759	1333
1760	1334
1762	1335
1765	1336
1767	1337
1769	1338
1770	1339
1771	1340
1772	1341
1776	1342
1777	1343
1779	1344
1780	1345
1781	1346
1782	1347
1783	1348
1784	1349
1785	1350
1788	1351
1791	1352
1792	1353
1793	1354
1794	1355
1797	1356
1798	1357
1799	1358
1801	1359
1804	1360
1805	1361
1806	1362
1807	1363
1809	1364
1810	1365
1811	1366
1812	1367
1814	1368
1816	1369
1817	1370
1821	1371
1822	1372
1824	1373
1826	1374
1827	1375
1829	1376
1831	1377
1833	1378
1834	1379
1835	1380
1836	1381
1837	1382
1839	1383
1840	1384
1841	1385
1844	1386
1845	1387
1846	1388
1849	1389
1850	1390
1853	1391
1854	1392
1855	1393
1856	1394
1857	1395
1858	1396
1859	1397
1860	1398
1862	1399
1863	1400
1864	1401
1865	1402
1867	1403
1869	1404
1870	1405
1872	1406
1874	1407
1875	1408
1876	1409
1878	1410
1879	1411
1880	1412
1881	1413
1882	1414
1883	1415
1884	1416
1885	1417
1887	1418
1888	1419
1889	1420
1891	1421
1892	1422
1893	1423
1894	1424
1895	1425
1896	1426
1897	1427
1899	1428
1901	1429
1902	1430
1903	1431
1904	1432
1906	1433
1909	1434
1910	1435
1911	1436
1912	1437
1913	1438
1914	1439
1916	1440
1917	1441
1918	1442
1919	1443
1920	1444
1921	1445
1922	1446
1923	1447
1925	1448
1926	1449
1927	1450
1928	1451
1929	1452
1930	1453
1931	1454
1932	1455
1934	1456
1935	1457
1936	1458
1937	1459
1938	1460
1939	1461
1940	1462
1941	1463
1942	1464
1943	1465
1944	1466
1946	1467
1947	1468
1948	1469
1949	1470
1950	1471
1951	1472
1952	1473
1953	1474
1954	1475
1955	1476
1956	1477
1957	1478
1958	1479
1959	1480
1960	1481
1961	1482
1963	1483
1964	1484
1965	1485
1966	1486
1967	1487
1968	1488
1969	1489
1970	1490
1971	1491
1972	1492
1973	1493
1974	1494
1975	1495
1976	1496
1977	1497
1978	1498
1979	1499
1980	1500
1981	1501
1982	1502
1983	1503
1984	1504
1985	1505
1986	1506
1987	1507
1988	1508
1989	1509
1990	1510
1991	1511
1992	1512
1993	1513
1994	1514
1995	1515
1996	1516
1997	1517
1998	1518
1999	1519
2000	1520
2001	1521
2002	1522
2003	1523
2004	1524
2005	1525
2006	1526
2007	1527
2009	1528
2010	1529
2011	1530
2012	1531
2013	1532
2014	1533
2015	1534
2016	1535
2017	1536
2018	1537
2020	1538
2021	1539
2022	1540
2023	1541
2024	1542
2025	1543
2026	1544
2027	1545
2028	1546
2029	1547
2031	1548
2032	1549
2033	1550
2034	1551
2035	1552
2036	1553
2037	1554
2038	1555
2040	1556
2041	1557
2042	1558
2043	1559
2044	1560
2045	1561
2046	1562
2047	1563
2048	1564
2049	1565
2050	1566
2051	1567
2052	1568
2053	1569
2054	1570
2055	1571
2056	1572
2057	1573
2058	1574
2059	1575
2060	1576
2061	1577
2062	1578
2064	1579
2065	1580
2066	1581
2067	1582
2068	1583
2069	1584
2070	1585
2071	1586
2072	1587
2073	1588
2075	1589
2076	1590
2077	1591
2078	1592
2079	1593
2080	1594
2081	1595
2082	1596
2083	1597
2084	1598
2085	1599
2086	1600
2087	1601
2088	1602
2089	1603
2090	1604
2091	1605
2092	1606
2093	1607
2094	1608
2095	1609
2096	1610
2097	1611
2098	1612
2099	1613
2100	1614
2101	1615
2103	1616
2104	1617
2105	1618
2106	1619
2107	1620
2108	1621
2109	1622
2110	1623
2111	1624
2112	1625
2113	1626
2114	1627
2115	1628
2116	1629
2117	1630
2118	1631
2119	1632
2120	1633
2121	1634
2122	1635
2123	1636
2124	1637
2125	1638
2126	1639
2128	1640
2129	1641
2130	1642
2132	1643
2133	1644
2134	1645
2135	1646
2136	1647
2137	1648
2138	1649
2139	1650
2140	1651
2141	1652
2142	1653
2143	1654
2144	1655
2145	1656
2146	1657
2147	1658
2148	1659
2149	1660
2150	1661
2151	1662
2152	1663
2153	1664
2154	1665
2155	1666
2157	1667
2158	1668
2159	1669
2160	1670
2161	1671
2162	1672
2163	1673
2164	1674
2166	1675
2167	1676
2168	1677
2169	1678
2170	1679
2171	1680
2173	1681
2174	1682
2176	1683
2177	1684
2178	1685
2179	1686
2180	1687
2181	1688
2182	1689
2183	1690
2184	1691
2185	1692
2186	1693
2187	1694
2188	1695
2189	1696
2190	1697
2191	1698
2193	1699
2194	1700
2195	1701
2196	1702
2197	1703
2199	1704
2201	1705
2202	1706
2203	1707
2204	1708
2205	1709
2211	1710
2212	1711
2215	1712
2216	1713
2219	1714
2221	1715
2222	1716
2227	1717
2229	1718
2232	1719
2233	1720
2234	1721
2236	1722
2237	1723
2238	1724
2240	1725
2241	1726
2242	1727
2243	1728
2244	1729
2245	1730
2247	1731
2248	1732
2249	1733
2250	1734
2252	1735
2253	1736
2255	1737
2256	1738
2257	1739
2259	1740
2260	1741
2261	1742
2262	1743
2263	1744
2264	1745
2265	1746
2266	1747
2267	1748
2268	1749
2269	1750
2270	1751
2271	1752
2272	1753
2273	1754
2275	1755
2276	1756
2278	1757
2279	1758
2280	1759
2281	1760
2282	1761
2283	1762
2284	1763
2286	1764
2287	1765
2288	1766
2289	1767
2290	1768
2291	1769
2292	1770
2293	1771
2294	1772
2295	1773
2296	1774
2297	1775
2298	1776
2300	1777
2301	1778
2302	1779
2303	1780
2304	1781
2305	1782
2306	1783
2307	1784
2310	1785
2311	1786
2312	1787
2313	1788
2314	1789
2315	1790
2316	1791
2317	1792
2318	1793
2319	1794
2320	1795
2321	1796
2322	1797
2323	1798
2325	1799
2326	1800
2327	1801
2328	1802
2329	1803
2330	1804
2331	1805
2332	1806
2333	1807
2334	1808
2335	1809
2336	1810
2337	1811
2338	1812
2339	1813
2340	1814
2341	1815
2342	1816
2344	1817
2345	1818
2346	1819
2347	1820
2348	1821
2349	1822
2350	1823
2351	1824
2352	1825
2353	1826
2354	1827
2355	1828
2356	1829
2357	1830
2359	1831
2361	1832
2362	1833
2363	1834
2364	1835
2366	1836
2367	1837
2368	1838
2369	1839
2370	1840
2371	1841
2372	1842
2373	1843
2375	1844
2376	1845
2377	1846
2378	1847
2379	1848
2380	1849
2381	1850
2382	1851
2383	1852
2384	1853
2385	1854
2387	1855
2389	1856
2390	1857
2391	1858
2392	1859
2393	1860
2394	1861
2395	1862
2396	1863
2397	1864
2398	1865
2399	1866
2400	1867
2401	1868
2402	1869
2403	1870
2404	1871
2405	1872
2406	1873
2407	1874
2408	1875
2409	1876
2410	1877
2411	1878
2412	1879
2413	1880
2414	1881
2415	1882
2416	1883
2417	1884
2418	1885
2419	1886
2420	1887
2421	1888
2422	1889
2423	1890
2424	1891
2425	1892
2426	1893
2427	1894
2428	1895
2429	1896
2430	1897
2431	1898
2432	1899
2433	1900
2434	1901
2435	1902
2436	1903
2437	1904
2439	1905
2440	1906
2441	1907
2442	1908
2443	1909
2444	1910
2445	1911
2446	1912
2447	1913
2448	1914
2449	1915
2450	1916
2451	1917
2452	1918
2453	1919
2454	1920
2455	1921
2456	1922
2457	1923
2458	1924
2459	1925
2460	1926
2461	1927
2462	1928
2463	1929
2464	1930
2465	1931
2466	1932
2467	1933
2468	1934
2469	1935
2470	1936
2471	1937
2472	1938
2474	1939
2475	1940
2476	1941
2477	1942
2479	1943
2481	1944
2482	1945
2485	1946
2486	1947
2487	1948
2488	1949
2490	1950
2491	1951
2492	1952
2494	1953
2496	1954
2497	1955
2498	1956
2500	1957
2501	1958
2502	1959
2504	1960
2505	1961
2506	1962
2507	1963
2508	1964
2509	1965
2511	1966
2513	1967
2514	1968
2515	1969
2516	1970
2517	1971
2518	1972
2520	1973
2521	1974
2522	1975
2523	1976
2524	1977
2525	1978
2526	1979
2527	1980
2528	1981
2529	1982
2530	1983
2531	1984
2532	1985
2533	1986
2534	1987
2535	1988
2536	1989
2537	1990
2538	1991
2539	1992
2540	1993
2541	1994
2542	1995
2545	1996
2546	1997
2547	1998
2548	1999
2549	2000
2550	2001
2551	2002
2552	2003
2553	2004
2554	2005
2555	2006
2558	2007
2559	2008
2560	2009
2561	2010
2562	2011
2564	2012
2565	2013
2566	2014
2567	2015
2568	2016
2569	2017
2570	2018
2571	2019
2572	2020
2573	2021
2574	2022
2579	2023
2580	2024
2581	2025
2583	2026
2586	2027
2587	2028
2588	2029
2589	2030
2590	2031
2594	2032
2596	2033
2597	2034
2598	2035
2599	2036
2600	2037
2605	2038
2606	2039
2607	2040
2610	2041
2611	2042
2612	2043
2613	2044
2615	2045
2616	2046
2617	2047
2618	2048
2620	2049
2622	2050
2624	2051
2626	2052
2627	2053
2628	2054
2629	2055
2631	2056
2633	2057
2634	2058
2635	2059
2636	2060
2638	2061
2639	2062
2640	2063
2641	2064
2642	2065
2643	2066
2644	2067
2646	2068
2647	2069
2648	2070
2649	2071
2650	2072
2651	2073
2652	2074
2653	2075
2654	2076
2656	2077
2657	2078
2658	2079
2659	2080
2660	2081
2661	2082
2662	2083
2663	2084
2664	2085
2665	2086
2666	2087
2667	2088
2668	2089
2669	2090
2670	2091
2671	2092
2672	2093
2674	2094
2676	2095
2677	2096
2678	2097
2679	2098
2680	2099
2681	2100
2682	2101
2683	2102
2687	2103
2688	2104
2689	2105
2690	2106
2691	2107
2692	2108
2693	2109
2694	2110
2695	2111
2697	2112
2698	2113
2699	2114
2701	2115
2702	2116
2704	2117
2706	2118
2707	2119
2709	2120
2710	2121
2711	2122
2712	2123
2713	2124
2714	2125
2715	2126
2716	2127
2717	2128
2718	2129
2719	2130
2720	2131
2721	2132
2723	2133
2724	2134
2725	2135
2726	2136
2727	2137
2728	2138
2729	2139
2730	2140
2732	2141
2733	2142
2734	2143
2735	2144
2737	2145
2738	2146
2739	2147
2741	2148
2743	2149
2744	2150
2745	2151
2749	2152
2750	2153
2751	2154
2752	2155
2753	2156
2755	2157
2757	2158
2758	2159
2759	2160
2761	2161
2762	2162
2763	2163
2764	2164
2765	2165
2766	2166
2767	2167
2768	2168
2769	2169
2770	2170
2771	2171
2772	2172
2773	2173
2774	2174
2775	2175
2777	2176
2778	2177
2779	2178
2780	2179
2781	2180
2782	2181
2783	2182
2785	2183
2786	2184
2787	2185
2788	2186
2789	2187
2791	2188
2792	2189
2793	2190
2794	2191
2795	2192
2796	2193
2798	2194
2799	2195
2800	2196
2802	2197
2803	2198
2804	2199
2805	2200
2806	2201
2807	2202
2808	2203
2809	2204
2810	2205
2812	2206
2813	2207
2814	2208
2815	2209
2816	2210
2817	2211
2818	2212
2819	2213
2820	2214
2824	2215
2826	2216
2827	2217
2828	2218
2829	2219
2831	2220
2833	2221
2834	2222
2835	2223
2836	2224
2837	2225
2838	2226
2840	2227
2841	2228
2842	2229
2844	2230
2846	2231
2847	2232
2848	2233
2849	2234
2850	2235
2852	2236
2854	2237
2855	2238
2856	2239
2857	2240
2858	2241
2859	2242
2861	2243
2862	2244
2863	2245
2864	2246
2865	2247
2866	2248
2868	2249
2870	2250
2871	2251
2872	2252
2873	2253
2874	2254
2875	2255
2876	2256
2877	2257
2878	2258
2881	2259
2882	2260
2883	2261
2884	2262
2886	2263
2888	2264
2889	2265
2890	2266
2891	2267
2892	2268
2893	2269
2894	2270
2896	2271
2898	2272
2900	2273
2901	2274
2902	2275
2903	2276
2904	2277
2905	2278
2906	2279
2907	2280
2908	2281
2912	2282
2913	2283
2914	2284
2915	2285
2916	2286
2917	2287
2918	2288
2919	2289
2920	2290
2921	2291
2922	2292
2925	2293
2926	2294
2927	2295
2928	2296
2929	2297
2930	2298
2932	2299
2935	2300
2936	2301
2937	2302
2938	2303
2939	2304
2940	2305
2941	2306
2942	2307
2943	2308
2944	2309
2945	2310
2946	2311
2947	2312
2948	2313
2949	2314
2950	2315
2951	2316
2953	2317
2954	2318
2956	2319
2957	2320
2959	2321
2961	2322
2962	2323
2963	2324
2964	2325
2965	2326
2966	2327
2967	2328
2968	2329
2970	2330
2971	2331
2973	2332
2974	2333
2975	2334
2976	2335
2977	2336
2978	2337
2979	2338
2981	2339
2982	2340
2983	2341
2984	2342
2985	2343
2986	2344
2987	2345
2988	2346
2989	2347
2990	2348
2991	2349
2992	2350
2993	2351
2994	2352
2996	2353
2997	2354
3001	2355
3003	2356
3005	2357
3006	2358
3007	2359
3008	2360
3010	2361
3011	2362
3012	2363
3013	2364
3014	2365
3015	2366
3016	2367
3017	2368
3018	2369
3019	2370
3020	2371
3021	2372
3022	2373
3023	2374
3024	2375
3025	2376
3026	2377
3028	2378
3029	2379
3030	2380
3031	2381
3032	2382
3033	2383
3034	2384
3035	2385
3036	2386
3037	2387
3038	2388
3039	2389
3040	2390
3041	2391
3042	2392
3043	2393
3044	2394
3045	2395
3046	2396
3048	2397
3049	2398
3050	2399
3051	2400
3052	2401
3053	2402
3055	2403
3056	2404
3058	2405
3060	2406
3061	2407
3062	2408
3063	2409
3066	2410
3067	2411
3068	2412
3069	2413
3071	2414
3072	2415
3073	2416
3074	2417
3076	2418
3078	2419
3079	2420
3081	2421
3082	2422
3083	2423
3087	2424
3088	2425
3090	2426
3091	2427
3093	2428
3094	2429
3097	2430
3098	2431
3099	2432
3100	2433
3101	2434
3102	2435
3103	2436
3104	2437
3105	2438
3106	2439
3107	2440
3108	2441
3109	2442
3110	2443
3111	2444
3112	2445
3113	2446
3114	2447
3115	2448
3117	2449
3118	2450
3120	2451
3124	2452
3125	2453
3127	2454
3128	2455
3129	2456
3130	2457
3132	2458
3133	2459
3135	2460
3137	2461
3138	2462
3141	2463
3143	2464
3144	2465
3145	2466
3146	2467
3147	2468
3148	2469
3149	2470
3150	2471
3152	2472
3153	2473
3155	2474
3156	2475
3157	2476
3159	2477
3160	2478
3161	2479
3162	2480
3163	2481
3165	2482
3166	2483
3167	2484
3168	2485
3169	2486
3173	2487
3174	2488
3175	2489
3176	2490
3177	2491
3178	2492
3179	2493
3180	2494
3181	2495
3182	2496
3183	2497
3184	2498
3185	2499
3186	2500
3189	2501
3190	2502
3193	2503
3194	2504
3195	2505
3196	2506
3197	2507
3198	2508
3199	2509
3200	2510
3201	2511
3203	2512
3204	2513
3206	2514
3208	2515
3210	2516
3211	2517
3213	2518
3214	2519
3215	2520
3218	2521
3219	2522
3221	2523
3222	2524
3223	2525
3224	2526
3225	2527
3230	2528
3231	2529
3232	2530
3238	2531
3239	2532
3240	2533
3243	2534
3244	2535
3246	2536
3247	2537
3248	2538
3249	2539
3251	2540
3252	2541
3253	2542
3254	2543
3255	2544
3256	2545
3257	2546
3258	2547
3259	2548
3260	2549
3261	2550
3262	2551
3263	2552
3264	2553
3265	2554
3267	2555
3268	2556
3269	2557
3270	2558
3271	2559
3272	2560
3273	2561
3274	2562
3275	2563
3276	2564
3279	2565
3282	2566
3283	2567
3284	2568
3285	2569
3286	2570
3287	2571
3293	2572
3296	2573
3298	2574
3299	2575
3300	2576
3301	2577
3302	2578
3303	2579
3304	2580
3306	2581
3307	2582
3308	2583
3309	2584
3310	2585
3311	2586
3313	2587
3316	2588
3317	2589
3318	2590
3319	2591
3324	2592
3325	2593
3326	2594
3327	2595
3328	2596
3329	2597
3330	2598
3331	2599
3332	2600
3333	2601
3334	2602
3338	2603
3339	2604
3340	2605
3341	2606
3342	2607
3343	2608
3344	2609
3345	2610
3346	2611
3347	2612
3348	2613
3350	2614
3354	2615
3355	2616
3357	2617
3358	2618
3359	2619
3360	2620
3361	2621
3362	2622
3363	2623
3364	2624
3365	2625
3367	2626
3368	2627
3370	2628
3371	2629
3372	2630
3374	2631
3375	2632
3379	2633
3384	2634
3385	2635
3386	2636
3387	2637
3388	2638
3390	2639
3391	2640
3392	2641
3393	2642
3394	2643
3395	2644
3396	2645
3397	2646
3398	2647
3399	2648
3400	2649
3401	2650
3402	2651
3403	2652
3404	2653
3405	2654
3406	2655
3408	2656
3409	2657
3410	2658
3412	2659
3414	2660
3417	2661
3419	2662
3420	2663
3421	2664
3422	2665
3424	2666
3425	2667
3426	2668
3427	2669
3428	2670
3430	2671
3431	2672
3432	2673
3433	2674
3434	2675
3435	2676
3436	2677
3437	2678
3438	2679
3439	2680
3440	2681
3441	2682
3442	2683
3443	2684
3444	2685
3445	2686
3446	2687
3447	2688
3448	2689
3449	2690
3450	2691
3451	2692
3452	2693
3453	2694
3454	2695
3455	2696
3457	2697
3459	2698
3461	2699
3462	2700
3463	2701
3464	2702
3465	2703
3466	2704
3467	2705
3468	2706
3469	2707
3470	2708
3471	2709
3473	2710
3475	2711
3476	2712
3477	2713
3478	2714
3479	2715
3480	2716
3481	2717
3483	2718
3484	2719
3486	2720
3487	2721
3488	2722
3489	2723
3490	2724
3491	2725
3492	2726
3494	2727
3495	2728
3496	2729
3497	2730
3498	2731
3499	2732
3500	2733
3501	2734
3502	2735
3504	2736
3505	2737
3506	2738
3507	2739
3508	2740
3509	2741
3510	2742
3511	2743
3512	2744
3513	2745
3514	2746
3515	2747
3516	2748
3518	2749
3519	2750
3520	2751
3524	2752
3525	2753
3526	2754
3527	2755
3528	2756
3529	2757
3531	2758
3534	2759
3535	2760
3536	2761
3537	2762
3539	2763
3540	2764
3541	2765
3543	2766
3544	2767
3545	2768
3547	2769
3548	2770
3549	2771
3550	2772
3551	2773
3552	2774
3553	2775
3555	2776
3556	2777
3557	2778
3559	2779
3561	2780
3562	2781
3563	2782
3564	2783
3565	2784
3566	2785
3567	2786
3570	2787
3571	2788
3572	2789
3573	2790
3576	2791
3578	2792
3579	2793
3580	2794
3581	2795
3584	2796
3585	2797
3586	2798
3587	2799
3588	2800
3589	2801
3590	2802
3591	2803
3593	2804
3594	2805
3596	2806
3597	2807
3598	2808
3599	2809
3600	2810
3602	2811
3604	2812
3605	2813
3606	2814
3608	2815
3610	2816
3611	2817
3612	2818
3613	2819
3614	2820
3615	2821
3616	2822
3617	2823
3618	2824
3619	2825
3620	2826
3622	2827
3623	2828
3624	2829
3625	2830
3628	2831
3632	2832
3633	2833
3634	2834
3635	2835
3636	2836
3638	2837
3639	2838
3640	2839
3641	2840
3643	2841
3644	2842
3646	2843
3648	2844
3649	2845
3653	2846
3654	2847
3657	2848
3658	2849
3660	2850
3661	2851
3662	2852
3663	2853
3664	2854
3665	2855
3667	2856
3668	2857
3669	2858
3670	2859
3671	2860
3672	2861
3673	2862
3674	2863
3675	2864
3676	2865
3677	2866
3678	2867
3679	2868
3680	2869
3681	2870
3682	2871
3683	2872
3684	2873
3685	2874
3686	2875
3688	2876
3689	2877
3690	2878
3691	2879
3692	2880
3693	2881
3694	2882
3695	2883
3696	2884
3697	2885
3698	2886
3699	2887
3701	2888
3702	2889
3704	2890
3705	2891
3706	2892
3708	2893
3709	2894
3710	2895
3711	2896
3712	2897
3713	2898
3714	2899
3715	2900
3716	2901
3717	2902
3718	2903
3719	2904
3720	2905
3721	2906
3723	2907
3724	2908
3725	2909
3726	2910
3728	2911
3729	2912
3730	2913
3731	2914
3732	2915
3733	2916
3734	2917
3735	2918
3737	2919
3738	2920
3739	2921
3740	2922
3741	2923
3743	2924
3744	2925
3745	2926
3747	2927
3751	2928
3753	2929
3754	2930
3755	2931
3756	2932
3757	2933
3758	2934
3759	2935
3760	2936
3763	2937
3765	2938
3766	2939
3767	2940
3768	2941
3769	2942
3770	2943
3771	2944
3773	2945
3774	2946
3775	2947
3776	2948
3777	2949
3778	2950
3781	2951
3782	2952
3783	2953
3784	2954
3785	2955
3786	2956
3788	2957
3789	2958
3790	2959
3791	2960
3792	2961
3793	2962
3794	2963
3795	2964
3798	2965
3801	2966
3802	2967
3803	2968
3804	2969
3805	2970
3806	2971
3807	2972
3808	2973
3809	2974
3810	2975
3811	2976
3812	2977
3813	2978
3814	2979
3819	2980
3820	2981
3821	2982
3823	2983
3824	2984
3825	2985
3826	2986
3827	2987
3829	2988
3830	2989
3831	2990
3834	2991
3835	2992
3836	2993
3837	2994
3838	2995
3839	2996
3840	2997
3841	2998
3843	2999
3844	3000
3845	3001
3846	3002
3847	3003
3848	3004
3849	3005
3851	3006
3852	3007
3853	3008
3857	3009
3858	3010
3859	3011
3860	3012
3861	3013
3862	3014
3863	3015
3865	3016
3866	3017
3868	3018
3871	3019
3872	3020
3873	3021
3874	3022
3875	3023
3877	3024
3878	3025
3879	3026
3882	3027
3883	3028
3884	3029
3885	3030
3886	3031
3889	3032
3891	3033
3893	3034
3894	3035
3895	3036
3896	3037
3897	3038
3898	3039
3900	3040
3901	3041
3903	3042
3905	3043
3907	3044
3908	3045
3909	3046
3910	3047
3911	3048
3912	3049
3913	3050
3914	3051
3915	3052
3916	3053
3917	3054
3918	3055
3919	3056
3920	3057
3921	3058
3922	3059
3923	3060
3924	3061
3925	3062
3926	3063
3927	3064
3928	3065
3929	3066
3930	3067
3932	3068
3934	3069
3936	3070
3937	3071
3938	3072
3939	3073
3940	3074
3941	3075
3942	3076
3943	3077
3944	3078
3945	3079
3946	3080
3947	3081
3948	3082
3949	3083
3950	3084
3951	3085
