3151
1062
1842
684
3887
2039
1561
3294
1832
402
2556
3380
3202
2811
401
3482
790
3377
3229
1820
2438
2308
749
3899
2999
3126
1652
730
1070
3687
3876
3575
2358
557
139
868
706
814
3601
33
3288
3517
3888
2821
657
2887
3904
1908
2825
1470
311
887
396
576
2226
3295
3381
607
3297
3164
641
3337
3136
130
3373
1102
3119
2217
579
192
696
872
1773
884
2960
3748
3842
734
1434
120
1815
2703
3187
889
1555
3460
1843
796
3881
1386
3530
687
1142
712
3233
3322
1764
3065
666
834
3609
985
2955
2299
578
1852
3413
2895
3779
3595
989
1915
1115
3057
3352
1724
67
3631
2543
787
701
853
3321
2235
2623
1868
729
545
2343
2510
634
3291
2254
1579
3890
3209
3131
3647
3323
672
3522
3315
660
1548
823
398
3621
895
878
3656
1886
679
1360
1861
286
3603
3336
1851
981
530
792
3828
2584
1528
865
1430
138
3236
